1638331875.855882,57362.00
1638331876.743329,57362.00
1638331877.5428553,57362.00
1638331878.309307,57362.00
1638331879.0801868,57362.00
1638331879.8737397,57362.00
1638331880.6118655,57393.00
1638331881.382273,57393.00
1638331882.1326036,57393.00
1638331882.8769388,57402.00
1638331883.8137887,57402.00
1638331884.5868578,57402.00
1638331885.3329473,57402.00
1638331886.0859451,57402.00
1638331886.8291905,57402.00
1638331887.5714417,57402.00
1638331888.3250444,57402.00
1638331889.0764918,57402.00
1638331889.837084,57402.00
1638331890.5733411,57402.00
1638331891.323783,57402.00
1638331892.0709808,57405.00
1638331892.8159742,57422.50
1638331893.5591033,57422.50
1638331894.3051608,57422.50
1638331895.0582538,57422.50
1638331895.800479,57422.50
1638331896.6354458,57422.50
1638331932.9289973,57460.00
1638331933.705839,57460.00
1638331934.4520862,57460.00
1638331935.20266,57460.00
1638331936.0283504,57460.00
1638331936.7996972,57460.00
1638331937.5806947,57460.00
1638331938.3258286,57460.00
1638331939.0818796,57460.00
1638331939.834792,57460.00
1638331940.6012046,57460.00
1638331941.3448317,57460.00
1638331942.0893998,57460.00
1638331942.8444133,57460.00
1638331943.7636235,57460.00
1638331944.5855799,57460.00
1638331945.341767,57460.00
1638331946.1058269,57460.00
1638331946.8458045,57460.00
1638331947.5998132,57460.00
1638331948.3601177,57460.00
1638331949.1502192,57460.00
1638331949.900858,57460.00
1638331950.642874,57460.00
1638331951.4081569,57460.00
1638331952.1584036,57460.00
1638331952.9156716,57460.00
1638331953.7234333,57460.00
1638331954.5133698,57423.50
1638331955.2620645,57423.50
1638331956.0081403,57423.50
1638331956.7541878,57423.50
1638331957.618933,57423.50
1638331958.4217823,57423.50
1638331959.1645975,57423.50
1638331959.9467702,57423.50
1638331960.9169567,57423.50
1638331961.656061,57423.50
1638331962.396616,57423.50
1638331963.14155,57420.00
1638331963.880463,57420.00
1638331964.6232827,57420.00
1638331965.3643148,57420.00
1638331966.129469,57420.00
1638331966.8728523,57420.00
1638331967.6696546,57420.00
1638331968.4341033,57420.00
1638331969.697162,57420.00
1638331970.4999225,57420.00
1638331971.2458818,57420.00
1638331972.0819046,57420.00
1638331972.8854902,57420.00
1638331973.6384852,57420.00
1638331974.3892686,57420.00
1638331975.1364217,57420.00
1638331975.8818743,57420.00
1638331976.6295388,57420.00
1638331977.5190067,57420.00
1638331978.3561106,57420.00
1638331979.1302981,57420.00
1638331980.2615778,57420.00
1638331981.0142953,57420.00
1638331981.7635858,57420.00
1638331982.5100107,57420.00
1638331983.2741108,57420.00
1638331984.0177913,57420.00
1638331984.767798,57420.00
1638331985.5178611,57420.00
1638331986.2962263,57420.00
1638331987.1041234,57420.00
1638331987.9451437,57420.00
1638331988.687317,57420.00
1638331989.4992695,57420.00
1638331990.2523391,57420.00
1638331991.0029054,57411.00
1638331991.7483501,57411.00
1638331992.4958618,57411.00
1638331993.2423666,57411.00
1638331994.1371958,57411.00
1638331994.893157,57411.00
1638331995.6783333,57411.00
1638331996.4503622,57411.00
1638331997.372597,57411.00
1638331998.265701,57411.00
1638331999.0215633,57411.00
1638331999.7756329,57411.00
1638332000.5168452,57413.50
1638332001.2666483,57413.50
1638332002.0320258,57413.50
1638332002.7851956,57411.00
1638332003.525119,57411.00
1638332004.27332,57411.00
1638332005.0126772,57411.00
1638332005.758596,57411.00
1638332006.5035856,57411.00
1638332007.3677742,57411.00
1638332008.1518254,57411.00
1638332008.9122841,57411.00
1638332009.6519644,57411.00
1638332010.409586,57411.00
1638332011.1509898,57411.00
1638332011.9072835,57411.00
1638332012.6635287,57411.00
1638332013.4177933,57411.00
1638332014.1800666,57411.00
1638332015.015763,57411.00
1638332015.7733598,57411.00
1638332016.550334,57411.00
1638332017.4981465,57411.00
1638332018.275769,57411.00
1638332019.035648,57411.00
1638332019.7805696,57411.00
1638332020.5613334,57411.00
1638332021.3229544,57410.50
1638332022.2243478,57410.50
1638332023.2077897,57410.50
1638332024.024874,57410.50
1638332024.7945824,57410.50
1638332263.2054155,57300.00
1638332318.457381,57262.00
1638332417.414914,57302.00
1638332418.1831021,57302.00
1638332418.9470878,57302.00
1638332419.7002795,57302.00
1638332420.4659476,57302.00
1638332421.2581816,57302.00
1638332422.0071824,57302.00
1638332630.0130177,57260.50
1638332661.329125,57260.00
1638332705.7087867,57270.50
1638332724.6740818,57270.50
1638332798.786795,57258.00
1638332800.7284632,57258.00
1638332802.4980829,57258.00
1638332804.392476,57258.00
1638332806.1586833,57258.00
1638332807.9010096,57258.00
1638332809.6471906,57258.00
1638332811.3908439,57258.00
1638332813.1506927,57258.00
1638332814.922921,57258.00
1638332816.732419,57258.00
1638332818.4913127,57258.00
1638332820.2125592,57258.00
1638332821.9415557,57258.00
1638332823.6690102,57258.00
1638332825.4464102,57258.00
1638332827.178448,57258.00
1638332828.9337099,57258.00
1638332830.672201,57258.00
1638332832.4075625,57260.00
1638332834.1307383,57254.00
1638332835.897912,57254.00
1638332837.6258302,57254.00
1638332839.3680902,57254.00
1638332841.1186073,57246.00
1638332842.8465586,57246.00
1638332844.597126,57246.00
1638332846.4103305,57246.00
1638332848.202118,57246.00
1638332850.1100087,57246.00
1638332851.8601444,57246.00
1638332853.6146472,57230.50
1638332855.3805604,57230.50
1638332857.1229284,57230.50
1638332858.8693504,57230.50
1638332860.620783,57230.50
1638332862.3885517,57230.50
1638332864.1523526,57230.50
1638332865.9064782,57230.50
1638332867.6597102,57230.50
1638332869.5256248,57230.50
1638332871.3038323,57230.50
1638332873.0507052,57230.50
1638332875.0740092,57230.50
1638332876.8200824,57230.50
1638332878.594962,57230.50
1638332880.4629638,57230.50
1638332882.230744,57230.50
1638332884.003563,57230.50
1638332885.7354393,57230.50
1638332887.502951,57230.50
1638332889.2824278,57230.50
1638332891.0294812,57230.50
1638332892.789116,57230.50
1638332894.5827582,57230.50
1638332896.341426,57230.50
1638397789.1210506,56922.00
1638397791.0243466,56922.00
1638397792.8020637,56922.00
1638397794.5552833,56922.00
1638397796.3150575,56922.00
1638397798.0947244,56922.00
1638397799.8285198,56922.00
1638397801.5876422,56922.00
1638397803.3617032,56922.00
1638397805.525586,56922.00
1638397807.317626,56922.00
1638397809.0911307,56922.00
1638397810.8234189,56922.00
1638397812.6353667,56922.00
1638397814.4166188,56922.00
1638397816.2139003,56922.00
1638397817.9946954,56922.00
1638397819.7665079,56922.00
1638397821.501569,56922.00
1638397823.265068,56922.00
1638397825.0268428,56922.50
1638397826.7829275,56922.50
1638397828.5538468,56922.50
1638397830.3095992,56922.50
1638397832.0572364,56924.50
1638397833.8232808,56926.50
1638397835.588578,56926.50
1638397837.3848193,56926.50
1638397839.1644332,56926.50
1638397840.9314163,56926.50
1638397842.734278,56926.50
1638397844.4979572,56926.50
1638397846.2719102,56926.50
1638397848.02707,56926.50
1638397849.8598816,56926.50
1638397851.6035833,56926.50
1638397853.461856,56926.50
1638397855.2259731,56926.50
1638397857.0092063,56926.50
1638397858.7597086,56926.50
1638397860.5211048,56926.50
1638397868.8529232,56926.50
1638397870.6549346,56926.50
1638397872.4015617,56926.50
1638397874.1675196,56922.50
1638397875.92824,56922.50
1638397877.8463614,56917.50
1638397879.6059725,56900.50
1638397881.3765345,56883.00
1638397883.1416485,56872.00
1638397884.9354358,56860.00
1638397886.7029388,56857.00
1638397888.4505627,56857.00
1638397890.2335315,56857.00
1638397891.9908383,56846.00
1638397893.729067,56841.50
1638397895.4703326,56841.50
1638397897.2164397,56841.50
1638397898.9794095,56841.50
1638397900.7520573,56827.50
1638397902.5414183,56828.00
1638397904.2870803,56828.00
1638397906.0454562,56828.00
1638397907.8052788,56828.00
1638397909.5571208,56828.00
1638397911.295662,56828.00
1638397913.0615482,56828.00
1638397914.8137689,56828.00
1638397916.5637355,56828.00
1638397918.310755,56828.00
1638397920.0597034,56828.00
1638397921.809169,56828.00
1638397926.8568041,56828.00
1638397928.6296067,56828.00
1638397930.3814282,56828.00
1638397932.178517,56828.00
1638397934.219826,56817.50
1638397935.985695,56815.50
1638397945.0195572,56818.00
1638397946.7799103,56818.00
1638397948.532516,56818.00
1638397950.2826579,56818.00
1638397952.02134,56818.00
1638397953.8098462,56818.00
1638397955.5770729,56818.00
1638397957.3225093,56818.00
1638397959.0855098,56811.50
1638397960.852523,56800.50
1638397962.6143723,56800.50
1638397964.3678522,56800.50
1638397966.1224391,56800.50
1638397967.8740735,56800.50
1638397969.6683328,56800.50
1638397971.4743285,56800.50
1638397973.2538052,56800.50
1638397975.025998,56800.50
1638397976.8162072,56790.50
1638397978.594179,56790.50
1638397980.8516998,56790.50
1638397982.6182656,56790.50
1638397984.3653033,56790.50
1638397986.2226248,56790.50
1638397987.9931204,56790.50
1638397989.7644284,56790.50
1638397991.5212579,56790.50
1638397993.4009788,56790.50
1638397995.1845138,56790.50
1638397996.9335835,56790.50
1638397998.7163117,56790.50
1638398000.4939096,56790.50
1638398002.2499204,56790.50
1638398004.0019615,56790.50
1638398005.7464046,56790.50
1638398007.551391,56790.50
1638398009.2964582,56790.50
1638398011.0355947,56790.50
1638398012.7794828,56790.50
1638398014.5248995,56790.50
1638398016.2849476,56790.50
1638398018.0179133,56790.50
1638398019.8180811,56790.50
1638398021.577649,56790.50
1638398023.32498,56790.50
1638398025.2197006,56790.50
1638398026.9743152,56790.50
1638398028.7425737,56790.50
1638398030.5056012,56790.50
1638398032.2645595,56790.50
1638398034.0425577,56790.50
1638398035.828459,56790.50
1638398037.6136746,56790.50
1638398039.3694956,56790.50
1638398041.1141698,56790.50
1638398042.9173908,56790.50
1638398044.6620898,56790.50
1638398046.4161897,56791.00
1638398048.1751485,56791.50
1638398049.9174085,56791.50
1638398051.6581073,56792.50
1638398053.415669,56794.00
1638398055.171103,56794.00
1638398056.9721386,56794.00
1638398058.726625,56794.00
1638398060.482605,56794.00
1638398062.2384298,56794.00
1638398063.9787803,56794.00
1638398065.7152278,56794.00
1638398067.4811761,56794.00
1638398069.2484396,56794.00
1638398071.0091705,56794.00
1638407814.284434,57045.50
1638407816.1811306,57045.50
1638407817.975879,57045.50
1638407819.7713122,57045.50
1638407821.6503084,57045.50
1638407823.4834151,57045.50
1638407825.2749128,57045.50
1638407827.037186,57045.50
1638407829.2152064,57045.50
1638407830.9789627,57045.00
1638407832.7500932,57045.00
1638407834.5012374,57045.00
1638407836.2590106,57045.00
1638407899.6673818,57083.50
1638407917.0828123,57071.00
1638407918.8692772,57071.00
1638407920.6275394,57071.00
1638407922.3688083,57071.00
1638407924.1248517,57071.00
1638407925.882123,57071.00
1638407954.8364694,57071.50
1638407956.6749012,57072.00
1638407958.4394114,57072.00
1638407960.1951802,57072.00
1638407961.983239,57072.00
1638408027.96551,57082.50
1638408029.7438781,57082.50
1638408031.51549,57082.50
1638408033.2710068,57082.50
1638408035.052796,57082.50
1638408036.7957294,57082.50
1638408038.5791717,57082.50
1638408040.3425565,57082.50
1638408042.0877128,57082.50
1638408043.8528159,57073.50
1638408045.630917,57073.50
1638408047.3864906,57073.50
1638408065.532284,57073.50
1638408067.422952,57073.50
1638408069.2249007,57073.50
1638408071.0105817,57073.50
1648343923.655657,44728.00
1648343969.7177474,44727.50
1648343971.412335,44727.50
1648343972.6573637,44727.50
1648343973.8844948,44727.50
1648343975.1335595,44727.50
1648343976.355969,44727.50
1648343977.6235542,44727.50
1648343978.846891,44727.50
1648343980.093105,44727.50
1648343981.3439472,44727.50
1648343982.5727737,44727.50
1648343983.800661,44727.50
1648343985.0220723,44727.50
1648343986.2814229,44727.50
1648343987.5285742,44727.50
1648343988.7729702,44727.50
1648343990.0151114,44727.50
1648343991.2662547,44727.50
1648343992.4950273,44727.50
1648343993.7261527,44727.50
1648343994.9530838,44727.50
1648343996.2029793,44727.50
1648343997.4328647,44727.50
1648343998.6804998,44727.50
1648343999.9219143,44727.50
1648344001.1473534,44727.50
1648344002.3900163,44727.50
1648344003.6148663,44727.50
1648344004.8601315,44727.50
1648344006.112448,44727.50
1648344007.3573735,44727.50
1648344955.976479,44650.50
1648344957.6769829,44650.50
1648344958.9066243,44650.50
1648344960.1325486,44650.50
1648344961.3723838,44650.50
1648344962.6046946,44650.50
1648344963.850078,44650.50
1648344965.0904608,44650.50
1648344966.3390422,44650.50
1648344967.5690608,44650.50
1648344968.792661,44650.50
1648344970.0427318,44650.50
1648344971.2876258,44650.50
1648344972.5149622,44650.50
1648344973.7457466,44650.50
1648344974.9764442,44650.50
1648344976.210475,44650.50
1648344977.454783,44650.50
1648344978.6869187,44650.50
1648344979.9145586,44650.50
1648344981.1384115,44650.50
1648344982.3745866,44650.50
1648344983.6249733,44650.50
1648344984.8723195,44650.50
1648344986.1235666,44650.50
1648344987.3574255,44650.50
1648345448.5387452,44624.50
1648345449.7856379,44624.50
1648345451.0298204,44624.50
1648345452.2762628,44624.50
1648345453.5294602,44624.50
1648345454.781594,44624.50
1648345456.0223918,44624.50
1648345457.2656918,44624.50
1648345458.5174017,44627.00
1648345459.7559028,44627.00
1648345460.996007,44627.00
1648345462.251264,44627.00
1648345463.5044477,44627.00
1648345464.7524438,44627.00
1648345466.0089555,44627.00
1648345467.2611938,44627.00
1648345468.5046418,44627.00
1648345469.7515981,44627.00
1648345471.0051365,44627.00
1648345472.253337,44627.00
1648345473.5040467,44627.00
1648345474.7564743,44627.00
1648345476.0101266,44627.00
1648345477.2644255,44627.00
1648345478.5071554,44627.00
1648345479.756283,44627.00
1648345481.0005276,44627.00
1648345482.2603192,44627.00
1648345483.50574,44627.00
1648345484.7591255,44627.00
1648345485.9972653,44627.00
1648345487.2514226,44627.00
1648345488.4976037,44627.00
1648345489.7474122,44627.00
1648345490.989707,44620.50
1648345492.239886,44620.50
1648345493.4935927,44620.50
1648345494.7399597,44620.50
1648345495.9926531,44620.50
1648345497.2446282,44620.50
1648345498.493256,44627.00
1648345499.7340512,44627.00
1648345500.960032,44627.00
1648345502.203977,44627.00
1648345503.430265,44627.00
1648345504.6909473,44620.50
1648345505.9283392,44620.50
1648345507.1786675,44626.50
1648345508.4178362,44626.50
1648345509.6650898,44626.50
1648345510.908227,44626.50
1648345512.1620233,44626.50
1648345513.4137354,44626.50
1648345514.6414208,44626.50
1648345515.8961303,44626.50
1648345517.1264136,44626.50
1648345518.3791842,44626.50
1648345519.6373358,44626.50
1648345520.8955126,44626.50
1648345522.1220708,44626.50
1648345523.3793914,44626.50
1648345524.6057305,44626.50
1648345525.8592467,44626.50
1648345527.115403,44626.50
1648345528.3440514,44626.50
1648345529.5791862,44626.50
1648345530.8209667,44626.50
1648345532.0740788,44626.50
1648345533.3069224,44626.50
1648345534.553836,44626.50
1648345535.8090904,44626.50
1648345537.0561833,44626.50
1648345538.296921,44626.50
1648345539.5434635,44626.50
1648345540.7875445,44626.50
1648345542.039144,44626.50
1648345543.2722769,44626.50
1648345544.5266364,44626.50
1648345545.7681484,44626.50
1648345547.0156624,44626.50
1648345548.2416873,44626.50
1648345549.4733942,44626.50
1648345550.7007873,44626.50
1648345551.944003,44626.50
1648345553.1988165,44626.50
1648345554.4548745,44626.50
1648345555.7047994,44626.50
1648345556.9354753,44626.50
1648345558.1688182,44626.50
1648345559.3944488,44626.50
1648345560.6300576,44626.50
1648345561.8752427,44626.50
1648345563.12615,44626.00
1648345564.367949,44626.00
1648345565.602254,44626.00
1648345566.8567307,44626.00
1648345568.0951,44626.00
1648345569.3420854,44626.50
1648345570.6013658,44626.50
1648345571.856899,44626.50
1648345573.0984006,44626.50
1648345574.33409,44626.50
1648345575.5756218,44626.50
1648345576.8268337,44626.50
1648345578.0586774,44626.50
1648345579.3068476,44626.50
1648345580.551833,44626.50
1648345581.7972167,44626.50
1648345583.0493011,44626.50
1648345584.2836964,44626.50
1648345585.527885,44626.50
1648345586.779467,44626.50
1648345588.0240576,44626.50
1648345589.2682757,44626.50
1648345590.5184917,44626.50
1648345591.7688296,44626.50
1648345593.0177696,44626.50
1648345594.264311,44626.50
1648345595.5121992,44626.50
1648345596.7435231,44626.50
1648345598.0039566,44626.50
1648345599.233834,44626.50
1648345600.4818382,44626.50
1648345601.7272518,44626.50
1648345602.9852953,44626.50
1648345604.2156458,44626.50
1648345605.4590204,44626.50
1648345606.7108626,44626.50
1648345607.956291,44626.50
1648345609.202552,44626.50
1648345610.4481974,44626.50
1648345611.6807017,44626.50
1648345612.9328709,44626.50
1648345614.1941187,44626.50
1648345615.4405856,44626.50
1648345616.696049,44626.50
1648345617.9359937,44626.50
1648345619.184671,44626.50
1648345620.4252958,44626.50
1648345621.67782,44626.50
1648345622.9263399,44626.50
1648345624.1687188,44626.50
1648345625.4211595,44626.50
1648345626.6784704,44626.50
1648345627.9300106,44626.50
1648345629.1838558,44626.50
1648345630.4350402,44626.50
1648345631.6683533,44626.50
1648345632.9194188,44626.50
1648345634.1696246,44626.50
1648345635.4196832,44626.50
1648345636.6534564,44626.50
1648345637.9048889,44626.50
1648345639.152563,44626.50
1648345640.4074051,44626.50
1648345641.6546402,44626.50
1648345642.8894765,44627.00
1648345644.127861,44627.00
1648345645.3721628,44627.00
1648345646.6173306,44627.00
1648345647.8540666,44627.00
1648345649.1029425,44627.00
1648345650.3488977,44647.00
1648345651.579868,44647.00
1648345652.8136678,44647.00
1648345654.0522273,44647.00
1648345655.3035727,44647.50
1648345656.5512202,44647.50
1648345657.7889524,44647.50
1648345659.0672023,44647.50
1648345660.3043551,44647.50
1648345661.5740097,44647.50
1648345662.8203,44647.50
1648345664.0624464,44647.50
1648345665.314446,44647.50
1648345666.5406404,44647.50
1648345667.790256,44647.50
1648345669.0415978,44647.50
1648345670.2940104,44647.50
1648345671.5342827,44647.50
1648345675.384821,44647.50
1648345676.6292443,44647.50
1648345677.8791168,44647.50
1648345679.1215897,44647.50
1648345680.37103,44647.50
1648345681.6292667,44662.50
1648345682.8754985,44662.50
1648345684.120856,44662.50
1648345686.8993042,44662.50
1648345688.1433802,44662.50
1648345689.399405,44662.50
1648345690.6557493,44662.50
1648345691.8997707,44662.50
1648345693.1564994,44662.50
1648345694.3908775,44662.50
1648345695.6430876,44662.50
1648345696.891465,44662.50
1648345698.135721,44662.50
1648345699.3890166,44662.50
1648345700.6195214,44662.50
1648345701.860731,44662.50
1648346199.5069418,44683.50
1648346200.7557821,44683.50
1648346202.0341105,44683.50
1648346203.2729025,44683.50
1648346204.540386,44683.50
1648346206.3060586,44683.50
1648346207.5728061,44683.50
1648346208.8333213,44683.50
1648346210.0988593,44683.50
1648346211.363139,44683.50
1648346212.6329916,44683.50
1648346213.9036846,44683.50
1648346215.1762967,44683.50
1648346216.4474294,44683.50
1648346217.6879349,44683.50
1648346218.9545035,44683.50
1648346220.2206855,44683.50
1648346221.4627354,44683.50
1648346222.7382796,44683.50
1648346223.980154,44683.50
1648346225.234243,44683.50
1648346226.5005696,44683.50
1648346227.7682714,44683.50
1648346229.0491414,44683.50
1648346230.3229165,44683.50
1648346231.5592234,44683.50
1648346239.0469837,44683.50
1648346240.3057134,44683.50
1648346241.5334349,44683.50
1648346242.7609353,44683.50
1648346243.999186,44683.50
1648346245.2240992,44683.50
1648346246.4686675,44683.50
1648346247.701359,44683.50
1648346248.9415288,44683.50
1648346250.1704042,44683.50
1648346251.399088,44683.50
1648346252.6345363,44683.50
1648346253.8585746,44683.50
1648346255.0888262,44683.50
1648346256.3216052,44683.50
1648346257.5567045,44683.50
1648346258.7811606,44683.50
1648346260.0125592,44683.50
1648346261.2416658,44683.50
1648346262.4697878,44683.50
1648346263.7025301,44683.50
1648346264.9348207,44683.50
1648346266.1683836,44683.50
1648346267.4057248,44683.50
1648346268.6473844,44683.50
1648346269.8759756,44683.50
1648346271.1198971,44683.50
1648346272.3785126,44683.50
1648346273.6071668,44683.50
1648346274.840944,44683.50
1648346276.0655098,44683.50
1648346277.2984471,44683.50
1648346278.5287993,44683.50
1648346279.7585893,44683.50
1648346280.9815667,44683.50
1648346282.2063506,44683.50
1648346283.4364254,44683.50
1648346284.6619556,44683.50
1648346285.8888297,44683.50
1648346287.1164398,44683.50
1648346288.346076,44683.50
1648346289.5730033,44683.50
1648346291.2893562,44683.50
1648346292.5370934,44683.50
1648346293.7637842,44683.50
1648346295.0222864,44683.50
1648346296.249098,44683.50
1648346297.5047882,44683.50
1648346298.7600873,44686.00
1648346299.9875085,44686.00
1648346301.236791,44691.50
1648346302.489078,44691.50
1648346303.740386,44691.50
1648346304.9677842,44691.50
1648346306.2277665,44691.50
1648346307.4585288,44691.50
1648346308.704811,44691.50
1648346309.956555,44691.50
1648346311.20871,44691.50
1648346312.4636793,44691.50
1648346313.7211,44691.50
1648346314.9751644,44691.50
1648346316.2026381,44691.50
1648346317.4586713,44691.50
1648346318.7075248,44691.50
1648346319.934902,44691.50
1648346321.1692996,44691.50
1648346322.3958347,44690.50
1648346323.6455207,44690.50
1648346324.8963752,44691.50
1648346326.1212409,44691.50
1648346327.35296,44691.50
1648346328.6153572,44691.50
1648346329.8781304,44691.50
1648346331.1060834,44691.50
1648346332.3380811,44691.50
1648346333.5972483,44691.50
1648346334.8251576,44691.50
1648346336.049321,44691.50
1648346337.3019474,44691.50
1648346338.55198,44691.50
1648346339.8049407,44691.50
1648346341.0524523,44691.50
1648346342.3001375,44691.50
1648346343.5542552,44691.50
1648346344.8077624,44691.50
1648346346.0685222,44691.50
1648346347.2937098,44691.50
1648346348.5524254,44691.50
1648346349.8126798,44691.50
1648346351.0699744,44691.50
1648346352.322788,44691.50
1648346353.5755498,44691.50
1648346354.8357143,44691.50
1648346356.0874977,44691.50
1648346357.3439562,44691.50
1648346358.6025605,44691.50
1648346359.8515463,44691.50
1648346361.1010227,44691.50
1648346362.3510692,44691.50
1648346363.5979333,44691.50
1648346364.852069,44691.50
1648346366.0837145,44691.50
1648346367.3091235,44691.50
1648346368.533237,44691.50
1648346369.762847,44715.50
1648346370.99633,44715.50
1648346372.2492769,44715.50
1648346373.5034788,44715.50
1648346374.7560935,44715.50
1648346376.008708,44715.50
1648346377.2319891,44715.50
1648346378.489382,44715.50
1648346379.7400239,44715.50
1648346380.9893415,44715.50
1648346382.2410398,44715.50
1648346383.496342,44715.50
1648346384.7206714,44715.50
1648346392.6568773,44715.50
1648346393.9100156,44715.50
1648346395.1363263,44715.50
1648346396.3953395,44715.50
1648346397.6429567,44715.50
1648346400.6915698,44721.00
1648346401.921294,44721.00
1648346403.1732197,44721.00
1648346404.4286613,44729.00
1648346405.6858275,44729.00
1648346406.9404082,44727.00
1648346408.1707807,44727.00
1648346409.4003725,44729.00
1648346410.6491382,44729.00
1648346411.895642,44729.00
1648346413.1300159,44729.00
1648346414.359808,44729.00
1648346415.5908475,44729.00
1648346416.8286784,44729.00
1648346418.0817368,44729.00
1648346419.313665,44729.00
1648346420.5674772,44729.00
1648346421.8145926,44729.00
1648346423.048091,44728.00
1648346424.290116,44728.00
1648346425.5150216,44728.00
1648346426.7499218,44728.00
1648346427.9826415,44728.00
1648346429.2073781,44728.00
1648346430.459758,44728.00
1648346431.720339,44728.00
1648346432.9709575,44728.00
1648346434.226148,44728.00
1648346435.4513197,44728.00
1648346436.6842768,44728.00
1648346437.9328027,44728.00
1648346439.1720443,44728.00
1648346440.3983505,44728.00
1648346441.6230798,44728.00
1648346442.8875172,44728.00
1648346444.1459963,44728.00
1648346445.3949816,44728.00
1648346446.625942,44728.00
1648346447.8557978,44728.00
1648346449.0843823,44728.00
1648346450.332878,44728.00
1648346451.5824628,44728.00
1648346452.829405,44728.00
1648346454.082992,44728.00
1648346455.3316267,44728.00
1648346456.582578,44728.00
1648346457.8326933,44728.00
1648346459.0775802,44728.50
1648346460.3253536,44728.50
1648346461.5821662,44728.50
1648346462.831206,44728.50
1648346464.0797815,44728.50
1648346465.3405507,44728.50
1648346466.5700016,44728.50
1648346467.8165178,44728.50
1648346469.0413022,44728.50
1648346470.302956,44728.50
1648346471.5285456,44728.50
1648346472.7568157,44728.50
1648346473.9811351,44728.50
1648346475.2331269,44728.50
1648346476.4869823,44728.50
1648346477.7170556,44728.50
1648346478.9718413,44728.50
1648346480.2236173,44728.50
1648346481.5195959,44728.50
1648346482.7567995,44728.50
1648346484.0074644,44728.50
1648346485.2533867,44728.50
1648346486.4897623,44728.50
1648346487.7219403,44728.50
1648346488.9589849,44728.50
1648346490.210008,44728.50
1648346491.4611294,44728.50
1648346492.709021,44728.50
1648346493.9548445,44728.50
1648346495.2152178,44728.50
1648346496.4469671,44728.50
1648346497.7020073,44728.50
1648346498.9298193,44728.00
1648346500.1763964,44728.00
1648346501.426311,44728.00
1648346502.6759388,44728.00
1648346503.9296687,44728.00
1648346505.182812,44728.00
1648346506.4381516,44728.00
1648346507.684147,44728.00
1648346508.922934,44728.00
1648346510.1817157,44728.50
1648346511.4087195,44728.50
1648346512.6502817,44728.50
1648346513.9044008,44728.50
1648346515.1408374,44728.50
1648346516.391254,44728.50
1648346517.6648536,44728.50
1648346518.9229584,44728.50
1648346520.157284,44728.50
1648346521.415775,44728.50
1648346522.6603186,44728.50
1648346523.9118838,44728.50
1648346525.1461077,44728.50
1648346526.3976629,44728.50
1648346527.6518903,44728.50
1648346528.903541,44728.50
1648346530.1351855,44728.50
1648346531.4009125,44728.50
1648346532.65889,44728.50
1648346533.9084244,44728.50
1648346535.1606257,44728.50
1648346536.4155862,44728.50
1648346537.6480849,44728.50
1648346538.900221,44728.50
1648346540.134004,44728.50
1648346541.3677845,44728.50
1648346542.6409688,44728.50
1648346840.2898111,44685.50
1648346841.5264773,44685.50
1648346842.74504,44685.50
1648346843.9660642,44685.50
1648346845.1950448,44685.50
1648346846.4200602,44685.50
1648346847.6509666,44685.50
1648346848.8829756,44685.50
1648346850.1088963,44685.50
1648346851.3372207,44685.50
1648346853.8212545,44685.50
1648346855.0460298,44685.50
1648346856.2770913,44685.50
1648346857.5031378,44685.50
1648346858.7297957,44685.50
1648346859.9624038,44685.50
1648346861.189003,44685.50
1648346862.4186375,44685.50
1648346863.6412485,44685.50
1648346941.1908498,44721.00
1648346942.415242,44721.00
1648346943.6462684,44721.00
1648346944.8798423,44721.00
1648346946.1072001,44736.00
1648346948.442978,44755.00
1648346950.9014442,44773.00
1648346952.1359367,44773.00
1648346953.365097,44773.00
1648346954.5997977,44773.00
1648346955.8297482,44773.00
1648346957.0622647,44773.00
1648346958.293688,44773.00
1648347026.322066,44830.00
1648347028.0443902,44830.00
1648347029.2960796,44830.00
1648347030.5503242,44830.00
1648347033.359204,44830.00
1648347034.6211112,44830.00
1648347035.8824406,44835.50
1648347037.145311,44835.50
1648347038.4020066,44835.50
1648347039.6629565,44835.50
1648347040.9326692,44835.50
1648347042.1874764,44837.00
1648347043.4479513,44838.00
1648347352.9982672,44899.00
1648347354.2464988,44899.00
1648347355.4817166,44899.00
1648347356.7212064,44899.00
1648347357.959511,44899.00
1648347359.2067432,44899.00
1648347362.4261763,44899.00
1648347363.6713014,44899.00
1648347364.9253101,44899.00
1648347366.1707044,44899.00
1648347367.410465,44899.00
1648347368.6563807,44899.00
1648347369.8999436,44899.00
1648347371.144152,44899.00
1648347372.393593,44899.00
1648347373.6334033,44899.00
1648347374.8682575,44899.00
1648347376.1108677,44899.00
1648347377.347017,44899.00
1648347378.598134,44898.50
1648347379.848722,44898.50
1648347381.09759,44886.50
1648347382.3394427,44886.50
1648347383.5801716,44886.50
1648347384.824362,44886.50
1648347386.0649207,44886.50
1648347387.3071826,44886.50
1648347388.5522828,44886.50
1648347389.8034012,44886.50
1648347391.052452,44886.50
1648347392.2995927,44886.50
1648347393.5356069,44886.50
1648347394.7846274,44886.50
1648347396.02053,44886.50
1648347397.302432,44886.50
1648347398.5543199,44886.50
1648347399.7927194,44886.50
1648347401.0431135,44886.50
1648347402.2949655,44886.50
1648347403.5354981,44886.50
1648347404.7788017,44886.50
1648347406.0159078,44886.50
1648347407.2609816,44886.50
1648347408.9941747,44886.50
1648347410.2619288,44886.50
1648347411.5224645,44886.50
1648347412.7672672,44886.50
1648347414.0141697,44886.50
1648347415.2665899,44886.50
1648347416.51267,44886.50
1648347417.7767704,44886.50
1648347419.0361342,44886.50
1648347420.2867358,44886.50
1648347421.5624187,44886.50
1648347439.323979,44886.50
1648347440.911406,44886.50
1648347442.1542966,44886.50
1648347443.3812666,44886.50
1648347444.6121225,44886.50
1648347445.8534117,44886.50
1648347471.072582,44886.00
1648347472.332399,44886.00
1648347473.5929837,44886.00
1648347474.8469338,44886.00
1648347476.1254568,44886.00
1648347477.385173,44886.00
1648347478.6419234,44886.00
1648347479.8969522,44886.00
1648347481.15945,44886.00
1648347482.4090133,44886.00
1648347483.6663036,44886.00
1648347484.9178839,44886.00
1648347486.1692986,44886.00
1648347487.4196277,44886.00
1648347488.679425,44886.00
1648347489.9356093,44886.00
1648347491.192223,44886.00
1648347492.4530618,44886.00
1648347493.7164655,44886.00
1648347494.9678698,44886.00
1648347496.2209997,44886.00
1648347497.4824116,44886.00
1648347498.7341647,44886.00
1648347499.9901335,44886.00
1648347501.2512038,44886.00
1648347502.5102465,44886.00
1648347503.7687356,44886.00
1648347505.0270638,44886.00
1648347506.277433,44886.00
1648347507.534467,44886.00
1648347508.7852411,44886.00
1648347510.048219,44886.00
1648347511.2961192,44886.00
1648347512.556997,44886.00
1648347513.8176374,44886.00
1648347515.0708783,44886.00
1648347516.3226316,44886.00
1648347517.5785885,44886.00
1648347518.8322127,44886.00
1648347520.0908885,44886.00
1648347521.3709102,44886.00
1648347522.6306934,44886.00
1648347523.887939,44886.00
1648347525.1603708,44886.00
1648347526.4270852,44886.00
1648347527.679983,44886.00
1648347528.93084,44886.00
1648347530.189868,44886.00
1648347531.438104,44886.00
1648347532.6902356,44886.00
1648347533.9413443,44886.00
1648347535.1932125,44886.00
1648347536.4413815,44886.00
1648347537.7142282,44886.00
1648347538.9617672,44886.00
1648347540.2243443,44886.00
1648347541.4804864,44886.00
1648347542.7313654,44886.00
1648347543.995443,44886.00
1648347568.3501348,44863.50
1648347569.9105432,44863.50
1648347571.1513772,44863.50
1648347572.4281569,44863.50
1648347573.691735,44863.50
1648347574.958156,44863.50
1648347576.258788,44863.50
1648347577.5324605,44863.50
1648347578.7762077,44863.50
1648347580.0225432,44863.50
1648347581.2842941,44863.50
1648347582.547935,44863.50
1648347583.793707,44863.50
1648347585.099245,44863.50
1648347586.3630772,44863.50
1648347588.7050376,44863.50
1648347591.2562194,44863.50
1648347592.4927576,44863.50
1648347593.773736,44863.50
1648347595.0363514,44863.50
1648347596.2747,44863.50
1648347597.5361364,44863.50
1648347598.7785552,44863.50
1648347600.0506313,44863.50
1648347601.2910624,44863.50
1648347602.5535772,44863.50
1648347603.8173292,44863.50
1648347605.080737,44863.00
1648347606.3462296,44863.00
1648347607.5883605,44863.00
1648347608.855011,44863.00
1648347610.0916734,44863.00
1648347611.3366385,44863.00
1648347612.574098,44863.00
1648347613.8100417,44863.00
1648347615.0505779,44863.00
1648347616.2870016,44863.00
1648347617.5228972,44863.00
1648347618.759011,44863.00
1648347619.9946637,44863.00
1648347621.2410908,44863.00
1648347622.4873555,44863.00
1648347623.7342837,44863.00
1648347624.9880917,44863.00
1648347626.224696,44863.00
1648347627.460438,44863.00
1648347628.7089756,44863.00
1648347629.9459338,44863.00
1648347631.1934996,44863.00
1648347632.4270005,44863.00
1648347633.6650858,44863.00
1648347634.8998764,44863.00
1648347636.1390784,44863.00
1648347637.383653,44863.00
1648347638.6353807,44863.00
1648347639.9060736,44863.00
1648347641.1593788,44863.00
1648347642.397441,44863.00
1648347643.6342359,44863.00
1648347644.8704193,44863.00
1648347646.104581,44863.00
1648347647.345265,44863.00
1648347648.5859616,44863.00
1648347649.830437,44863.00
1648347651.0700183,44863.00
1648347652.3071206,44863.00
1648347653.5469139,44863.00
1648347654.7875497,44863.00
1648347656.0243187,44863.00
1648347657.2579582,44863.00
1648347658.9808044,44863.00
1648347660.2191172,44863.00
1648347661.4615047,44863.00
1648347662.731842,44863.00
1648347663.9933455,44863.00
1648347665.2576182,44863.00
1648347666.4995825,44863.00
1648347667.7990148,44863.00
1648347669.0600011,44863.00
1648347670.3041263,44863.00
1648347671.539253,44863.00
1648347672.7731252,44863.00
1648347681.206346,44863.00
1648347682.4660065,44863.00
1648347683.7171862,44863.00
1648347684.976892,44863.00
1648347709.2811396,44863.00
1648347710.54362,44863.00
1648347711.8079467,44863.00
1648347713.0578654,44863.00
1648347714.3189516,44863.00
1648347715.567662,44863.00
1648347716.8311243,44863.00
1648347718.079531,44863.00
1648347719.3386853,44863.00
1648347720.625906,44863.00
1648347721.9152381,44863.00
1648347723.1811502,44863.00
1648347724.437366,44863.00
1648347725.9709668,44863.00
1648347727.2305815,44863.00
1648347728.4664705,44863.00
1648347729.7024703,44863.00
1648347730.9368763,44863.00
1648347732.1665173,44863.00
1648347733.4168696,44863.00
1648347734.936886,44863.00
1648347736.1887565,44863.00
1648347737.437722,44863.00
1648347738.695172,44863.00
1648347739.949509,44863.00
1648347741.1793942,44863.00
1648347742.4269662,44863.00
1648347743.6868427,44863.00
1648347744.9396086,44863.00
1648347746.1704304,44863.00
1648347747.4078276,44863.50
1648347748.6593828,44863.50
1648347749.9174173,44863.50
1648347751.1465704,44863.50
1648347752.3794146,44863.50
1648347753.6271477,44863.50
1648347754.8776488,44863.50
1648347756.10959,44863.50
1648347757.3583539,44871.00
1648347758.6124363,44871.00
1648347759.844278,44871.00
1648347761.0709832,44871.00
1648347762.3191679,44871.00
1648347763.5649338,44871.00
1648347764.7958202,44871.00
1648347766.0562296,44871.00
1648347767.2898088,44871.00
1648347768.5227711,44871.00
1648347769.7740557,44871.00
1648347771.022969,44871.00
1648347772.2730231,44871.00
1648347773.508128,44871.00
1648347774.758309,44871.00
1648347775.9850535,44871.00
1648347777.2328064,44871.00
1648347778.4631474,44871.00
1648347779.7095265,44871.00
1648347780.956183,44871.00
1648347782.1958134,44871.00
1648347783.426141,44871.00
1648347784.6770341,44871.00
1648347785.9085717,44871.00
1648347787.164486,44871.00
1648347788.4134204,44871.00
1648347789.6496809,44871.00
1648347790.9006917,44871.00
1648347792.160158,44871.00
1648347793.4136403,44871.00
1648347794.64018,44871.00
1648347795.8726637,44871.00
1648347797.101204,44871.00
1648347798.3299975,44871.00
1648347799.5594187,44871.00
1648347800.8184137,44871.00
1648347802.074108,44871.00
1648347803.3221014,44871.00
1648347804.5453951,44871.00
1648347805.797245,44871.00
1648347807.0721996,44871.00
1648347808.3280385,44871.00
1648347809.554715,44871.00
1648347810.8048499,44871.00
1648347812.0561967,44871.00
1648347813.3023107,44871.00
1648347814.5282414,44871.00
1648347815.7855995,44871.00
1648347817.0372648,44871.00
1648347818.2851255,44871.00
1648347819.535762,44871.00
1648347820.7655013,44871.00
1648347822.0204282,44871.00
1648347823.267382,44871.00
1648347824.5016954,44871.00
1648347825.7550688,44871.00
1648347826.9860091,44871.00
1648347828.2181754,44871.00
1648347829.4731827,44871.00
1648347830.7221398,44871.00
1648347831.972082,44871.00
1648347833.2035828,44871.00
1648347834.4551644,44871.00
1648347835.7190285,44871.00
1648347836.971329,44871.00
1648347838.224688,44871.50
1648347839.4520917,44871.50
1648347840.7123919,44871.50
1648347841.9389975,44871.50
1648347843.1678274,44871.50
1648347844.3940027,44871.50
1648347845.623137,44871.50
1648347846.8540747,44871.50
1648347848.102539,44871.50
1648347849.3272083,44871.50
1648347850.5597775,44871.50
1648347851.7927947,44871.50
1648347853.0276654,44871.50
1648347854.2773864,44871.50
1648347855.5082514,44871.50
1648347856.7347665,44871.50
1648347857.9869027,44871.50
1648347859.2219813,44871.50
1648347860.4788275,44871.50
1648347861.7325962,44871.50
1648347862.9885154,44871.50
1648347864.2159727,44871.50
1648347865.4746852,44871.50
1648347866.711474,44871.50
1648347867.9372106,44871.50
1648347869.2008715,44871.50
1648347870.4290202,44871.50
1648347871.6563702,44871.50
1648347872.8886912,44871.50
1648347874.1424553,44871.50
1648347875.3954868,44871.50
1648347876.6459086,44871.50
1648347877.8975422,44871.50
1648347879.1490731,44871.50
1648347880.4196613,44871.50
1648347881.6667798,44871.50
1648347882.938917,44871.50
1648347884.19335,44871.50
1648347885.4282937,44871.50
1648347886.6775231,44871.50
1648347887.903387,44871.50
1648347889.1314497,44871.50
1648347890.379381,44871.50
1648347891.6052282,44871.50
1648347892.865965,44871.50
1648347894.1130872,44871.50
1648347895.3906486,44871.50
1648347896.62708,44871.50
1648347897.8860736,44871.50
1648347899.1547933,44871.50
1648347900.4107604,44871.50
1648347901.6427066,44871.50
1648347902.895178,44871.50
1648347904.145917,44871.00
1648347905.3717985,44871.00
1648347906.6254497,44871.00
1648347907.8491013,44871.00
1648347909.073314,44871.00
1648347910.3310573,44867.00
1648347911.562935,44867.00
1648347912.81665,44867.00
1648347914.0801558,44867.00
1648347915.338059,44867.00
1648347916.6031344,44867.00
1648347917.854273,44867.00
1648347919.092097,44867.00
1648347920.348184,44867.00
1648347921.5779312,44867.00
1648347922.8291955,44867.00
1648347924.0627162,44867.00
1648347925.3190749,44867.00
1648347926.5759547,44867.00
1648347927.8020935,44867.00
1648347929.051626,44867.00
1648347930.2762017,44867.00
1648347931.5026283,44867.00
1648347932.7564158,44867.00
1648347934.0030446,44867.00
1648347935.2291195,44867.00
1648347936.4802787,44867.00
1648347937.7289867,44867.00
1648347938.9740715,44867.00
1648347940.2023027,44867.00
1648347941.436267,44867.00
1648347942.689837,44867.00
1648347943.9343293,44867.00
1648347945.1681411,44867.00
1648347946.420654,44867.00
1648347947.6764054,44867.00
1648347948.926265,44867.00
1648347950.172897,44867.00
1648347951.4250116,44867.00
1648347952.6779432,44867.00
1648347953.906166,44867.00
1648347955.1608117,44867.00
1648347956.3976688,44867.00
1648347957.6269488,44867.00
1648347958.8835492,44867.00
1648347960.1414251,44867.00
1648347961.3990264,44867.00
1648347962.6306622,44867.00
1648347963.8769546,44867.00
1648347965.128891,44867.00
1648347966.3616917,44867.00
1648347967.6154585,44867.00
1648347968.878252,44867.00
1648347970.1138635,44867.00
1648347971.3711696,44867.00
1648347972.6215744,44867.00
1648347973.854885,44867.00
1648347975.105193,44867.00
1648347976.3464804,44867.00
1648347977.5952082,44867.00
1648347978.8504508,44867.00
1648347980.0953944,44867.00
1648347981.3276248,44867.00
1648347982.5653615,44867.00
1648347983.7960038,44867.00
1648347985.0276334,44867.00
1648347986.254989,44867.00
1648347987.5036027,44867.00
1648347988.7344453,44867.00
1648347989.9702854,44867.00
1648347991.2224963,44867.00
1648347992.469006,44867.00
1648347993.715726,44867.00
1648347994.9686232,44867.00
1648347996.2281096,44867.00
1648347997.460476,44867.00
1648347998.711606,44867.00
1648347999.9686077,44867.00
1648348001.1997018,44867.00
1648348002.4687397,44867.00
1648348003.7150192,44867.00
1648348004.9642408,44867.00
1648348006.1955411,44867.00
1648348007.428677,44867.00
1648348008.680634,44867.50
1648348009.9393625,44867.50
1648348011.191589,44867.50
1648348012.4217465,44867.50
1648348013.676808,44867.50
1648348014.9240856,44867.50
1648348016.1821973,44867.50
1648348017.430603,44867.50
1648348018.6781876,44867.00
1648348019.9257476,44867.00
1648348021.1755748,44844.50
1648348022.4053552,44844.50
1648348023.6619039,44842.50
1648348024.9130864,44842.50
1648348026.1900306,44842.50
1648348027.4162831,44842.50
1648348028.676988,44842.50
1648348029.9330149,44842.50
1648348031.1815705,44842.50
1648348032.4414775,44842.50
1648348033.6923416,44842.50
1648348034.9436727,44844.50
1648348036.1913416,44844.50
1648348037.4443848,44842.50
1648348038.6941228,44842.50
1648348039.9224784,44842.50
1648348041.1739376,44842.50
1648348042.4245007,44842.50
1648348043.6750016,44842.50
1648348044.905987,44842.50
1648348046.2142937,44842.50
1648348047.4897358,44844.50
1648348048.7203338,44844.50
1648348049.9755805,44844.50
1648348051.2033775,44844.50
1648348052.4388475,44844.50
1648348053.6964967,44844.50
1648348054.9418352,44844.50
1648348056.190385,44844.50
1648348057.4414644,44844.50
1648348058.6909928,44844.50
1648348059.9452598,44844.50
1648348061.173699,44844.50
1648348062.4264164,44844.50
1648348063.702055,44844.50
1648348064.9591408,44844.50
1648348066.185513,44844.50
1648348067.4389517,44844.50
1648348068.692925,44844.50
1648348069.9245014,44844.50
1648348071.1823075,44844.50
1648348072.4218836,44844.50
1648348073.671663,44844.50
1648348074.9222121,44844.50
1648348076.1769156,44844.50
1648348077.4279118,44844.50
1648348078.6811788,44844.50
1648348079.9141662,44844.50
1648348081.1416252,44844.50
1648348082.3736758,44844.50
1648348083.6381588,44844.50
1648348084.8935406,44844.50
1648348086.1229467,44844.50
1648348087.373664,44844.50
1648348088.607949,44844.50
1648348089.8443804,44844.50
1648348091.0946667,44843.00
1648348092.3521674,44842.50
1648348093.6022823,44842.50
1648348094.8274088,44842.50
1648348096.0867546,44842.50
1648348097.3205137,44842.50
1648348098.5679686,44842.50
1648348099.814853,44836.00
1648348101.0682201,44836.00
1648348102.3170993,44836.50
1648348103.5476701,44836.50
1648348104.777515,44836.50
1648348106.008199,44817.00
1648348107.2582216,44817.00
1648348108.5124824,44817.00
1648348109.7600858,44817.00
1648348111.0140066,44817.00
1648348112.287525,44817.00
1648348113.5210104,44817.00
1648348114.7697978,44817.00
1648348116.021913,44817.00
1648348117.2500098,44817.00
1648348118.5056214,44817.00
1648348119.7562275,44817.00
1648348120.9803247,44817.00
1648348122.2339373,44813.50
1648348123.5195472,44811.50
1648348124.7686474,44811.50
1648348125.9951258,44811.50
1648348127.2407315,44811.50
1648348128.5018322,44811.50
1648348129.7329314,44811.50
1648348130.9935367,44811.50
1648348132.2621465,44807.00
1648348133.4922454,44807.00
1648348134.7403452,44788.50
1648348135.9904454,44788.50
1648348137.2435458,44788.50
1648348138.4946463,44788.50
1648348139.7417462,44788.50
1648348140.9923487,44783.00
1648348142.2444491,44783.00
1648348143.4715471,44783.00
1648348144.7226481,44783.00
1648348145.9492679,44783.00
1648348147.1846342,44783.50
1648348148.439221,44783.50
1648348149.666317,44783.50
1648348150.894434,44783.50
1648348152.1485324,44783.50
1648348153.3763485,44783.50
1648348154.6030827,44783.50
1648348155.8531523,44783.50
1648348157.079252,44783.50
1648348158.3048644,44783.50
1648348159.5534728,44783.50
1648348160.7820792,44783.50
1648348162.0071743,44783.50
1648348163.2557776,44783.50
1648348164.4813862,44783.50
1648348165.7394838,44783.50
1648348166.9900942,44783.50
1648348168.2146902,44783.50
1648348169.4437895,44783.50
1648348170.6964066,44783.50
1648348171.9220154,44783.50
1648348173.1741145,44783.50
1648348174.4262097,44783.50
1648348175.6523077,44783.50
1648348176.9029198,44783.50
1648348178.146048,44783.50
1648348179.372664,44783.50
1648348180.608763,44783.50
1648348181.833861,44783.50
1648348183.0809612,44783.50
1648348184.3320627,44783.50
1648348185.5566652,44783.50
1648348186.786769,44783.50
1648348188.3138866,44783.50
1648348189.559986,44783.50
1648348190.8100867,44783.50
1648348192.039186,44783.50
1648348193.2642884,44783.50
1648348194.507383,44783.50
1648348195.763995,44783.50
1648348197.013088,44783.50
1648348198.2721891,44783.50
1648348199.523806,44783.50
1648348200.7519722,44783.50
1648348201.9835703,44783.50
1648348203.2311752,44783.50
1648348204.4647775,44782.50
1648348205.7173932,44782.50
1648348206.9719996,44782.50
1648348208.2146034,44782.50
1648348209.4727046,44782.50
1648348210.728321,44782.50
1648348211.9894218,44782.50
1648348213.2415342,44782.50
1648348214.4959698,44782.50
1648348215.7555907,44782.50
1648348216.981689,44782.50
1648348218.22829,44782.50
1648348219.4768932,44782.50
1648348220.7184937,44782.50
1648348221.9500968,44783.00
1648348223.1821964,44783.00
1648348224.4292958,44783.00
1648348225.6764007,44783.00
1648348226.9179983,44783.00
1648348228.1766026,44783.00
1648348229.4267015,44783.00
1648348230.6838026,44783.00
1648348231.9424105,44783.00
1648348233.1865098,44783.00
1648348234.4276097,44783.00
1648348235.6697092,44782.50
1648348236.9283147,44782.50
1648348238.1789155,44782.50
1648348239.4285212,44782.50
1648348240.6531239,44782.50
1648348241.902741,44782.50
1648348243.1633468,44782.50
1648348244.411448,44782.50
1648348245.6610482,44782.50
1648348246.9136539,44782.50
1648348248.163255,44782.50
1648348249.4110723,44782.50
1648348250.6616774,44782.50
1648348251.9057772,44782.50
1648348253.1383796,44782.50
1648348254.395634,44782.50
1648348255.7381537,44782.50
1648348256.9827642,44782.50
1648348258.2323916,44782.50
1648348259.46449,44782.50
1648348260.6985948,44782.50
1648348261.9249578,44782.50
1648348263.154057,44782.50
1648348264.472666,44782.50
1648348265.7182796,44782.50
1648348266.9508717,44782.50
1648348268.1839695,44782.50
1648348269.43407,44782.50
1648348270.669674,44782.50
1648348271.9177728,44782.50
1648348273.1902897,44782.50
1648348274.4443908,44782.50
1648348275.6719942,44782.50
1648348276.9285982,44782.50
1648348278.1606958,44782.50
1648348279.4043062,44782.50
1648348280.6624131,44782.50
1648348281.8940074,44782.50
1648348283.1431067,44782.50
1648348284.3987122,44782.50
1648348285.648329,44782.50
1648348286.8904288,44782.50
1648348288.1475294,44782.50
1648348289.3796275,44782.50
1648348290.6307285,44782.50
1648348291.8948298,44782.50
1648348293.151434,44782.50
1648348294.3880398,44782.50
1648348295.6506476,44782.50
1648348296.9012504,44782.50
1648348298.1523502,44782.50
1648348299.4084508,44782.50
1648348300.6570687,44782.50
1648348301.9166703,44782.50
1648348303.1727712,44782.50
1648348304.4013724,44782.50
1648348305.656975,44782.50
1648348306.885077,44782.50
1648348308.1101708,44782.50
1648348309.354271,44782.50
1648348310.5823698,44782.50
1648348311.8499749,44782.50
1648348313.1035807,44782.50
1648348314.356187,44782.50
1648348315.6147902,44782.50
1648348316.854395,44782.50
1648348318.0999994,44782.50
1648348319.3721023,44782.50
1648348320.6087034,44782.50
1648348321.846807,44782.50
1648348323.077902,44782.50
1648348324.5220172,44782.50
1648348325.746115,44772.00
1648348327.0102339,44771.50
1648348328.265842,44771.50
1648348329.526446,44772.00
1648348330.7525406,44759.50
1648348331.9846404,44759.50
1648348333.2382436,44763.50
1648348334.4823444,44763.50
1648348335.7309525,44763.50
1648348336.990557,44763.50
1648348338.2186546,44763.50
1648348339.4642587,44763.50
1648348340.713359,44763.50
1648348341.9499598,44763.50
1648348343.2010624,44763.50
1648348344.4568412,44763.50
1648348345.690939,44763.50
1648348346.9175417,44763.50
1648348348.1726422,44763.50
1648348349.4177423,44763.50
1648348350.6743455,44763.50
1648348354.0101166,44763.50
1648348357.4919002,44763.50
1648348366.318617,44763.50
1648348367.5622196,44763.50
1648348368.819826,44763.50
1648348370.0474296,44763.50
1648348371.2928715,44763.50
1648348372.5239935,44763.50
1648348373.7685962,44763.50
1648348375.019216,44763.50
1648348376.2628188,44763.50
1648348377.5119188,44763.50
1648348378.761034,44763.50
1648348380.0101297,44765.00
1648348381.2382283,44765.00
1648348382.4888377,44765.00
1648348383.7199333,44765.00
1648348384.9545343,44765.00
1648348386.198635,44765.00
1648348387.433234,44765.00
1648348388.690342,44765.00
1648348389.9199429,44765.00
1648348391.1762831,44765.00
1648348392.4298854,44765.00
1648348393.655487,44765.00
1648348394.900092,44765.00
1648348396.141694,44765.00
1648348397.3917937,44765.00
1648348398.6389015,44765.00
1648348399.8854947,44765.00
1648348401.1245942,44765.00
1648348402.3496933,44765.00
1648348403.576801,44765.00
1648348404.8273933,44765.00
1648348406.0858657,44765.00
1648348407.3359659,44765.00
1648348408.5655684,44765.00
1648348409.816669,44765.00
1648348411.056274,44765.00
1648348412.2968886,44765.00
1648348413.5544913,44765.00
1648348414.8010955,44765.00
1648348416.060196,44765.00
1648348417.3084292,44765.00
1648348418.5655305,44765.00
1648348419.7931294,44765.00
1648348421.3312645,44765.00
1648348422.8773873,44765.00
1648348424.6145298,44765.00
1648348426.0666432,44765.00
1648348427.3192766,44765.00
1648348428.5758786,44765.00
1648348429.8324847,44765.00
1648348431.0855846,44765.00
1648348432.3141892,44765.00
1648348433.5427907,44765.00
1648348434.8108985,44765.00
1648348436.0539918,44765.00
1648348437.3035967,44765.00
1648348438.5522149,44765.00
1648348439.8023148,44765.00
1648348441.0509167,44765.00
1648348442.2960153,44765.00
1648348443.544374,44765.00
1648348444.7734864,44765.00
1648348446.0115848,44765.00
1648348447.2506812,44765.00
1648348448.4992845,44765.00
1648348449.7713854,44765.00
1648348451.0274873,44765.00
1648348452.280091,44765.00
1648348453.5375245,44765.00
1648348454.88416,44765.00
1648348456.2102652,44765.00
1648348457.4373634,44765.00
1648348458.6816425,44765.00
1648348459.9142456,44765.00
1648348461.1643455,44765.00
1648348462.414456,44765.00
1648348463.642058,44765.00
1648348464.8676598,44765.00
1648348466.091262,44765.00
1648348467.3703656,44765.00
1648348468.6212099,44765.00
1648348469.8828127,44765.00
1648348471.112912,44765.00
1648348472.3665168,44765.00
1648348473.592615,44765.00
1648348474.846716,44765.00
1648348476.076813,44765.00
1648348477.3204195,44765.00
1648348478.5695179,44765.00
1648348479.7916162,44765.00
1648348481.0257144,44765.00
1648348482.2523172,44765.00
1648348483.4994187,44765.00
1648348484.7495296,44765.00
1648348485.9796164,44765.00
1648348487.2307215,44765.00
1648348488.4533298,44765.00
1648348489.70243,44765.00
1648348490.9285293,44765.00
1648348492.1706269,44765.00
1648348493.419232,44765.00
1648348494.6573305,44765.00
1648348495.9084318,44765.00
1648348497.1560378,44765.00
1648348498.383639,44765.00
1648348499.6122422,44765.00
1648348500.8577034,44765.00
1648348502.1588073,44765.50
1648348503.409423,44765.50
1648348504.6535227,44765.00
1648348505.900624,44765.00
1648348507.1287215,44765.00
1648348508.380327,44765.00
1648348509.606931,44758.50
1648348510.84203,44758.50
1648348512.0961442,44758.50
1648348513.3387349,44758.50
1648348514.612837,44758.50
1648348515.8544397,44758.50
1648348517.10855,44758.50
1648348518.345166,44758.50
1648348519.57927,44758.50
1648348520.8638687,44758.50
1648348522.1104693,44758.50
1648348523.3405683,44758.50
1648348524.5981705,44758.50
1648348525.9437847,44765.00
1648348527.203881,44765.00
1648348528.4594839,44765.00
1648348529.7075846,44765.00
1648348530.9336832,44765.00
1648348532.169782,44765.00
1648348533.4253922,44765.00
1648348534.6794875,44765.00
1648348535.9360895,44765.00
1648348537.1911905,44765.00
1648348538.4167912,44765.00
1648348539.6483927,44765.00
1648348540.9164956,44765.00
1648348542.2157607,44765.00
1648348543.4488597,44765.00
1648348544.6799586,44765.00
1648348545.929286,44765.00
1648348547.173159,44765.00
1648348548.420761,44765.00
1648348549.6728623,44765.00
1648348550.989472,44765.00
1648348552.2205927,44765.00
1648348553.4521844,44765.00
1648348554.7217872,44765.00
1648348555.9778867,44765.00
1648348557.23642,44765.00
1648348558.51853,44765.00
1648348559.7701478,44765.00
1648348561.0202365,44765.00
1648348562.2643347,44765.00
1648348563.513685,44765.00
1648348564.7712893,44765.00
1648348566.0118902,44765.00
1648348567.266991,44765.00
1648348568.5165918,44765.00
1648348569.7703092,44765.00
1648348571.021912,44765.00
1648348572.2720127,44765.00
1648348573.554618,44765.00
1648348574.7882416,44765.00
1648348576.017349,44765.00
1648348577.2469647,44765.00
1648348578.4800637,44765.00
1648348579.733164,44765.00
1648348580.992766,44765.00
1648348582.2473724,44758.50
1648348583.495473,44758.50
1648348584.752574,44758.50
1648348586.008179,44758.50
1648348587.2322767,44758.50
1648348588.482883,44758.50
1648348589.7339835,44758.50
1648348590.9830835,44758.50
1648348592.2341843,44758.50
1648348593.4767895,44758.50
1648348594.738394,44758.50
1648348595.9664934,44758.50
1648348597.2230995,44758.50
1648348598.4681973,44758.50
1648348599.7212987,44758.50
1648348600.9663987,44758.50
1648348602.1984978,44758.50
1648348603.4275959,44758.50
1648348604.6606953,44758.50
1648348605.9097955,44758.50
1648348607.141894,44758.50
1648348608.404996,44758.50
1648348609.6430948,44758.50
1648348610.8901947,44758.50
1648348612.1227973,44758.50
1648348613.3678963,44758.50
1648348614.5939949,44758.50
1648348615.841095,44758.50
1648348617.1041968,44758.50
1648348618.3293033,44758.50
1648348619.5639045,44758.50
1648348620.804004,44758.50
1648348622.044379,44758.50
1648348623.297985,44758.50
1648348624.5325854,44758.50
1648348625.7606847,44758.50
1648348627.0087838,44758.50
1648348628.2338839,44758.50
1648348629.487489,44758.50
1648348630.7330954,44758.50
1648348631.9581928,44758.00
1648348633.185292,44758.00
1648348634.4379075,44758.00
1648348635.6910133,44758.00
1648348636.93861,44758.00
1648348638.167709,44758.50
1648348639.4048073,44758.50
1648348640.6619084,44758.50
1648348641.8890064,44758.50
1648348643.1156106,44758.50
1648348644.364215,44758.50
1648348645.5953135,44758.50
1648348646.878417,44758.50
1648348648.1270194,44758.50
1648348649.381119,44758.50
1648348650.6087196,44758.50
1648348651.845819,44758.50
1648348653.0744226,44758.50
1648348654.3160367,44758.50
1648348655.5696402,44758.50
1648348656.796243,44758.50
1648348658.044342,44758.50
1648348659.3019476,44758.50
1648348660.5324259,44758.00
1648348661.7735255,44758.00
1648348663.0101297,44758.00
1648348664.2442286,44758.00
1648348665.5043297,44758.00
1648348666.7549345,44758.00
1648348668.003039,44758.00
1648348669.257637,44758.00
1648348670.496739,44758.00
1648348671.7528434,44758.00
1648348672.9759355,44758.00
1648348674.202552,44758.00
1648348675.4596534,44758.00
1648348676.6982696,44758.00
1648348677.9573703,44758.00
1648348679.2024727,44758.00
1648348680.4420733,44758.00
1648348681.6691718,44758.00
1648348682.895453,44758.00
1648348684.123552,44758.00
1648348685.3779244,44758.00
1648348686.6390274,44758.00
1648348687.8871267,44758.00
1648348689.1457248,44758.00
1648348690.395827,44758.00
1648348691.6399357,44758.00
1648348692.8870246,44758.00
1648348694.1506295,44758.00
1648348695.3722348,44758.00
1648348696.6278436,44758.00
1648348697.877938,44758.00
1648348699.1245487,44758.00
1648348700.3576407,44758.00
1648348701.6062434,44758.00
1648348702.8493438,44758.00
1648348704.0754557,44758.00
1648348705.324542,44758.00
1648348706.5536408,44758.00
1648348707.800742,44758.00
1648348709.048064,44758.00
1648348710.2821722,44758.00
1648348711.5394838,44758.00
1648348712.7865841,44758.00
1648348714.0391862,44758.00
1648348715.2967935,44758.00
1648348716.5538936,44758.00
1648348717.8109946,44758.00
1648348719.057599,44758.00
1648348720.3097014,44758.00
1648348721.566331,44758.00
1648348722.7914274,44758.00
1648348724.4875627,44758.00
1648348725.9296825,44758.00
1648348727.1897793,44758.00
1648348728.4403968,44758.00
1648348729.6924965,44758.00
1648348730.9361022,44758.00
1648348732.1937068,44758.00
1648348733.459808,44758.00
1648348734.6869063,44758.00
1648348735.9225075,44758.00
1648348737.179608,44758.00
1648348738.4647117,44758.00
1648348739.7088115,44758.00
1648348740.955424,44758.00
1648348742.207028,44758.00
1648348743.4566336,44758.00
1648348744.7077358,44758.00
1648348745.9383411,44758.00
1648348747.169938,44758.00
1648348748.4310517,44758.00
1648348749.6806638,44758.00
1648348751.4671695,44758.00
1648348753.0457199,44757.00
1648348754.4257574,44754.00
1648348755.7765996,44750.00
1648348757.0257943,44750.00
1648348758.2854788,44750.00
1648348759.5345793,44750.00
1648348760.790145,44750.00
1648348766.2897136,44750.00
1648348767.5158129,44750.00
1648348768.7574148,44750.00
1648348769.9857407,44750.00
1648348771.5866773,44750.00
1648348772.8358731,44750.00
1648348774.0625389,44750.00
1648348775.289574,44750.00
1648348776.5406172,44750.00
1648348777.7739077,44750.00
1648348779.0230532,44750.00
1648348780.2743444,44750.00
1648348781.5208852,44750.00
1648348782.7727761,44750.00
1648348783.999885,44750.00
1648348785.247912,44750.00
1648348786.491838,44750.00
1648348787.7616112,44750.00
1648348788.9900079,44750.00
1648348790.2420669,44750.00
1648348791.4738631,44750.00
1648348792.7167811,44750.00
1648348793.9668708,44750.00
1648348795.202843,44750.00
1648348796.4585412,44750.00
1648348797.703215,44750.00
1648348798.9590473,44750.00
1648348800.2088249,44750.00
1648348801.4338012,44750.00
1648348802.664223,44750.00
1648348803.917417,44750.00
1648348805.1905148,44749.50
1648348806.4413052,44749.50
1648348807.6877615,44742.50
1648348808.9417143,44742.50
1648348810.1940637,44742.50
1648348811.433092,44742.50
1648348812.695983,44742.50
1648348813.9423308,44742.50
1648348815.1875374,44742.50
1648348816.4470994,44742.50
1648348817.7000635,44742.50
1648348818.958611,44742.50
1648348820.2159889,44742.50
1648348821.4713151,44742.50
1648348822.7023776,44742.50
1648348823.9468622,44742.50
1648348825.1882186,44742.50
1648348826.4404976,44742.50
1648348827.6901002,44742.50
1648348828.9181314,44742.50
1648348830.1764412,44742.50
1648348831.4269013,44749.00
1648348832.6795304,44749.00
1648348833.9295063,44749.00
1648348835.1831481,44749.00
1648348836.4328,44749.00
1648348837.6820848,44749.00
1648348838.907872,44749.00
1648348840.1422544,44749.00
1648348841.3731964,44749.00
1648348842.6177456,44749.00
1648348843.8599584,44749.00
1648348845.1220477,44749.00
1648348846.3501728,44749.00
1648348847.6042366,44749.00
1648348848.8494825,44749.00
1648348850.0740652,44749.00
1648348851.3026474,44749.00
1648348852.5563047,44749.00
1648348853.7912848,44749.00
1648348855.0315719,44749.00
1648348856.2919075,44749.00
1648348857.534085,44749.00
1648348858.772943,44749.00
1648348859.9998655,44749.00
1648348861.2838712,44749.00
1648348862.5393856,44749.00
1648348863.7645433,44749.00
1648348864.9968092,44749.00
1648348866.2566497,44749.00
1648348867.480747,44749.00
1648348868.7182114,44749.00
1648348869.9722798,44749.00
1648348871.2017646,44749.00
1648348872.4279122,44749.00
1648348873.668001,44749.00
1648348874.9193006,44749.00
1648348876.1718073,44749.00
1648348877.4276023,44749.00
1648348878.6539917,44749.00
1648348879.8804178,44749.00
1648348881.125714,44749.00
1648348882.3620179,44749.00
1648348883.611204,44749.00
1648348884.8439813,44749.00
1648348886.0914454,44749.00
1648348887.332795,44749.00
1648348888.5763636,44749.00
1648348889.7996402,44749.00
1648348891.0431507,44749.00
1648348892.295375,44749.00
1648348893.527696,44749.00
1648348894.761199,44749.00
1648348896.0099602,44749.00
1648348897.249343,44749.50
1648348898.5030086,44749.50
1648348899.7511082,44749.50
1648348900.9835706,44749.50
1648348902.2334669,44749.50
1648348903.4890637,44749.50
1648348904.7316244,44749.50
1648348906.0271797,44749.50
1648348907.2850478,44749.50
1648348908.5179427,44749.50
1648348909.7459996,44712.00
1648348910.9838145,44712.00
1648348912.2181125,44712.50
1648348913.472039,44712.50
1648348914.723949,44712.50
1648348915.9503586,44712.50
1648348917.2096334,44712.50
1648348918.458113,44712.50
1648348919.7124436,44712.50
1648348920.9594507,44712.50
1648348922.185926,44712.50
1648348923.4335682,44712.50
1648348924.692761,44712.50
1648348925.9404726,44704.00
1648348927.1852114,44704.00
1648348928.435142,44704.00
1648348929.6717145,44704.00
1648348930.9166267,44706.50
1648348932.1530735,44706.50
1648348933.4063938,44704.50
1648348934.6685965,44704.50
1648348935.9164865,44704.50
1648348937.1527076,44704.50
1648348938.3869684,44704.50
1648348939.6240323,44704.50
1648348940.8707528,44704.50
1648348942.1099906,44704.50
1648348943.362583,44704.50
1648348944.6105545,44704.50
1648348945.8582942,44704.50
1648348947.0896263,44704.50
1648348948.3402972,44704.50
1648348949.5968895,44704.50
1648348950.845173,44704.50
1648348952.0934744,44704.50
1648348953.341839,44704.50
1648348954.5947552,44704.50
1648348955.8446622,44704.50
1648348957.1037943,44704.50
1648348958.3643498,44704.50
1648348959.605852,44704.50
1648348960.8644447,44704.50
1648348962.1062276,44704.50
1648348963.3422494,44704.50
1648348964.5930862,44704.50
1648348965.8244185,44704.50
1648348967.08549,44704.50
1648348968.3164783,44704.50
1648348969.5416157,44704.50
1648348970.7892232,44704.50
1648348972.017204,44704.50
1648348973.269967,44704.50
1648348974.5248215,44704.50
1648348975.7728746,44704.50
1648348977.0253868,44704.50
1648348978.273621,44704.50
1648348979.5256593,44704.50
1648348980.788216,44704.50
1648348982.0266578,44704.50
1648348983.2719705,44704.50
1648348984.519232,44704.50
1648348985.7503543,44704.50
1648348986.996035,44704.50
1648348988.247197,44704.50
1648348989.5012798,44704.50
1648348990.7385616,44704.50
1648348991.9700263,44704.50
1648348993.222545,44704.50
1648348994.4629772,44704.50
1648348995.7148292,44704.50
1648348996.9688628,44704.50
1648348998.1970825,44704.50
1648348999.4460976,44704.50
1648349000.684029,44704.50
1648349001.9353755,44704.50
1648349003.178978,44704.50
1648349004.42682,44704.50
1648349005.6786363,44704.50
1648349006.9410124,44704.50
1648349008.1921566,44704.50
1648349009.4402938,44704.50
1648349010.7119398,44704.50
1648349011.977975,44704.50
1648349453.0856845,44678.50
1648349454.3202677,44678.50
1648349455.5614061,44678.50
1648349456.8033664,44678.50
1648349458.0375733,44678.50
1648349459.2787855,44678.50
1648349460.509034,44678.50
1648349461.7515962,44678.50
1648349462.9871318,44678.50
1648349464.2177343,44678.50
1648349465.4548235,44678.50
1648349466.6931725,44678.50
1648349467.9272735,44678.50
1648349574.3464048,44678.00
1648349575.5972378,44678.00
1648349576.85254,44678.00
1648349578.5876627,44678.00
1648349579.844587,44678.00
1648349581.105672,44678.00
1648349582.358119,44678.00
1648349583.6051147,44678.00
1648349584.8481364,44678.00
1648349586.0939434,44678.00
1648349587.348991,44678.00
1648349588.602011,44678.00
1648349589.8796906,44678.00
1648349591.1258168,44678.00
1648349592.3671236,44678.00
1648349593.6313198,44678.00
1648349594.8950603,44678.00
1648349596.141533,44678.00
1648349597.4171383,44678.00
1648349598.6686954,44678.00
1648349599.944146,44678.00
1648349601.2443006,44678.00
1648349602.5209801,44678.00
1648349603.7920158,44678.00
1648349605.0431652,44678.00
1648349606.294255,44678.00
1648349607.5694153,44678.00
1648349608.8321562,44678.00
1648349610.0820773,44678.50
1648349611.3320408,44678.50
1648349612.5815616,44678.50
1648349613.8466477,44678.50
1648349615.1015837,44678.50
1648349616.3654926,44678.50
1648349639.4761088,44678.50
1648349640.7072868,44678.50
1648349641.9360745,44678.50
1648350587.8080454,44662.50
1648350589.5114377,44662.50
1648350642.05003,44669.50
1648350643.2954636,44669.50
1648350644.5507805,44669.50
1648350645.809022,44669.50
1648350647.0657442,44674.00
1648350648.3173165,44674.00
1648350649.5774517,44674.00
1648350650.8233602,44674.00
1648350652.0721366,44674.00
1648350653.3181114,44674.00
1648350654.579779,44674.00
1648350655.8226445,44674.00
1648350657.065852,44674.00
1648350658.309599,44674.00
1648350659.5573943,44674.00
1648350660.8144526,44674.00
1648350662.0702372,44674.00
1648350663.3253787,44674.00
1648350664.5733588,44674.00
1648350665.831051,44674.50
1648350667.0749269,44674.50
1648350668.319843,44674.50
1648350669.571069,44674.50
1648350670.8260908,44674.50
1648350672.0737512,44674.50
1648350673.3229785,44678.00
1648350674.569019,44678.00
1648350675.8157432,44678.00
1648350677.0719216,44678.00
1648350678.3393865,44678.00
1648350679.6002405,44678.00
1648350680.8506594,44678.00
1648350682.0969036,44678.00
1648350683.3548381,44678.00
1648350684.599555,44678.00
1648350685.869013,44678.00
1648350687.1200607,44678.00
1648350688.3781602,44678.00
1648350689.624149,44678.00
1648350690.87317,44678.00
1648350692.1299448,44678.00
1648350693.378731,44678.00
1648350694.629459,44678.00
1648350695.882965,44678.00
1648350697.1383476,44678.00
1648350698.3918767,44678.00
1648350699.6224947,44678.00
1648350700.8735528,44678.00
1648350702.122371,44678.00
1648350703.376814,44678.00
1648350704.631376,44678.50
1648350743.3137774,44689.50
1648350744.5654585,44689.50
1648350745.8122075,44689.50
1648350747.0444963,44689.50
1648350748.2726378,44687.00
1648350749.5285203,44689.50
1648350750.7822793,44689.50
1648350752.028884,44689.50
1648350753.2829807,44689.50
1648350754.5338557,44689.50
1648350755.7864435,44689.50
1648350757.0154698,44689.50
1648350758.243498,44689.50
1648350759.4939146,44689.50
1648350760.7429013,44689.50
1648350761.9950624,44689.50
1648350763.242191,44689.50
1648350764.466873,44689.50
1648350765.7265913,44689.50
1648350766.968911,44689.50
1648350768.2204876,44689.50
1648350769.466569,44689.50
1648350770.7200418,44689.50
1648350771.9632924,44689.50
1648350773.3741848,44689.50
1648350774.6099625,44689.50
1648350775.8585718,44689.50
1648350777.1067245,44689.50
1648350778.3514736,44689.50
1648350779.5870807,44689.50
1648350780.834738,44689.50
1648350782.0803623,44689.50
1648350783.33179,44689.50
1648350784.585832,44689.50
1648350785.826189,44689.50
1648350787.0803502,44689.50
1648350788.3291135,44689.50
1648350789.5809639,44689.50
1648350790.8114,44690.00
1648350792.0376325,44690.00
1648350793.269023,44690.00
1648350794.4991279,44690.00
1648350795.7543423,44690.00
1648350796.987115,44690.00
1648350798.2294662,44690.00
1648350799.4721344,44690.00
1648350800.706434,44690.00
1648350801.958381,44690.00
1648350803.1863754,44690.00
1648350804.4898038,44690.00
1648350805.875266,44690.00
1648350807.157615,44690.00
1648350808.4120636,44690.00
1648350809.663987,44690.00
1648350810.9104075,44690.00
1648350812.4478283,44690.00
1648350813.6873415,44690.00
1648350814.9394908,44692.00
1648350840.144572,44692.50
1648350841.4060962,44692.50
1648350842.6678889,44692.50
1648350844.3952863,44692.50
1648350845.6636076,44700.50
1648350846.939364,44700.50
1648350848.1951349,44700.50
1648350849.4651525,44700.50
1648350850.7423124,44700.50
1648350852.0078673,44700.50
1648350853.2670918,44674.00
1648350854.5225592,44674.00
1648350855.7864292,44674.00
1648350857.0519674,44674.50
1648350858.3142989,44674.50
1648350859.5766923,44674.00
1648350860.8450778,44674.50
1648350862.1020846,44674.50
1648350863.3574429,44674.50
1648350864.6244144,44674.50
1648350945.6160893,44708.00
1648350946.889999,44708.00
1648350948.1505651,44708.00
1648350949.4233634,44708.00
1648350950.6827996,44708.00
1648351096.0124433,44677.00
1648351097.2593706,44677.00
1648351098.5221527,44677.00
1648351099.7589786,44677.00
1648351101.0248454,44677.00
1648351102.2654057,44677.00
1648351103.5354624,44677.00
1648351104.8025267,44677.00
1648351106.0392284,44677.00
1648351107.3014998,44677.00
1648351108.5687094,44677.00
1648351109.80864,44677.00
1648351111.0762577,44677.00
1648351112.326966,44677.00
1648351113.5715778,44677.00
1648351114.8089526,44677.00
1648351116.0729284,44677.00
1648351117.3375251,44677.00
1648351118.5744348,44677.00
1648351119.8362541,44674.50
1648351121.1001053,44674.50
1648351122.3430128,44674.50
1648351123.5879452,44674.50
1648351124.833234,44677.00
1648351126.0711,44677.00
1648351127.3440223,44677.00
1648351128.6060038,44677.00
1648351129.8706641,44677.00
1648351131.1357179,44677.00
1648351132.3973565,44677.00
1648351133.6317487,44674.50
1648351134.896673,44674.50
1648351136.1358695,44674.50
1648351137.3744915,44674.50
1648351138.6376925,44674.50
1648351139.9045486,44677.00
1648351141.1764596,44677.00
1648351142.4147184,44677.00
1648351143.676636,44677.00
1648351144.9458163,44677.00
1648351146.2234855,44677.00
1648351147.4605083,44677.00
1648351148.724717,44677.00
1648351149.9619863,44677.00
1648351151.2020915,44677.00
1648351152.4439926,44677.00
1648351153.6798894,44677.00
1648351175.7290053,44677.00
1648351177.0476222,44674.00
1648351178.5807388,44674.00
1648351179.8816364,44674.00
1648351181.2077212,44674.00
1648351182.4659877,44674.00
1648351183.7391279,44674.00
1648351184.9848957,44674.00
1648351186.2330477,44674.00
1648351187.4762034,44674.00
1648351188.7186248,44674.00
1648351189.9652457,44673.50
1648351191.2033896,44673.50
1648351192.4530013,44673.50
1648351193.7015944,44673.50
1648351195.3971636,44673.50
1648351196.6374,44673.50
1648351197.8786125,44673.00
1648351199.1254244,44673.00
1648351200.3775306,44673.00
1648351201.6235561,44673.00
1648351202.8674111,44673.00
1648351204.1065955,44671.00
1648351205.3510246,44668.50
1648351333.0699863,44664.50
1648351334.2999296,44664.50
1648351335.5243053,44664.50
1648351336.8198316,44664.50
1648351338.0547779,44664.50
1648351339.2774246,44664.50
1648351340.5088565,44664.50
1648351341.7408075,44664.50
1648351359.1533432,44670.50
1648351360.3859484,44670.50
1648351361.6146774,44670.50
1648351362.8368785,44670.50
1648351364.0736837,44670.50
1648351365.2969992,44670.50
1648351366.521017,44670.50
1648351367.742365,44670.50
1648351368.9692595,44670.50
1648351370.1982336,44670.50
1648351371.4308362,44670.50
1648351372.6566107,44670.50
1648351373.886032,44670.50
1648351375.1142063,44670.50
1648351376.344129,44670.50
1648351377.5753617,44670.50
1648351378.8246815,44670.50
1648351380.0539858,44670.50
1648351381.2766907,44670.50
1648351382.4993777,44670.50
1648351383.7295873,44670.50
1648351385.046465,44670.50
1648351386.2713227,44670.50
1648351387.501823,44670.50
1648351388.731055,44670.50
1648351389.9587991,44670.50
1648351391.187333,44670.50
1648351392.4158154,44670.50
1648351393.6383748,44670.50
1648351394.8664787,44670.50
1648351396.0927978,44670.50
1648351397.3250234,44670.50
1648351398.5556219,44670.50
1648351399.8036475,44670.50
1648351401.4912183,44670.50
1648351402.7500808,44670.50
1648351403.9781628,44670.50
1648351405.2160354,44670.50
1648351406.4501686,44670.50
1648351407.704396,44670.50
1648351408.9584181,44670.50
1648351410.2010927,44670.50
1648351411.4302104,44670.50
1648351412.678426,44670.50
1648351413.9047472,44670.50
1648351415.1512008,44670.50
1648351416.3914762,44670.50
1648351417.6443868,44670.50
1648351418.90019,44670.50
1648351420.146194,44670.50
1648351421.39902,44670.50
1648351422.6210697,44670.50
1648351423.8809671,44670.50
1648351425.102518,44670.50
1648351426.328725,44670.50
1648351427.5680668,44670.50
1648351428.8011534,44670.50
1648351430.024061,44670.50
1648351431.273291,44670.50
1648351432.5214725,44670.50
1648351433.7467015,44670.50
1648351434.9914029,44670.50
1648351436.2332888,44670.50
1648351437.4880297,44670.50
1648351438.730129,44670.50
1648351439.9544857,44670.50
1648351441.2096205,44670.50
1648351442.4512722,44670.50
1648351443.6741798,44670.50
1648351538.973766,44680.00
1648351540.214127,44680.00
1648351541.4526708,44680.00
1648351542.694933,44680.00
1648351560.1917691,44680.00
1648351561.442083,44680.00
1648351562.6786275,44680.00
1648351563.9196806,44680.00
1648351565.1603775,44681.50
1648351566.4100957,44681.50
1648351567.6533165,44681.50
1648351568.923995,44681.50
1648351570.1795416,44681.50
1648351571.4277241,44681.50
1648351572.6743793,44681.50
1648351573.9119976,44681.50
1648351575.1569135,44681.50
1648351576.4006035,44681.50
1648351577.645728,44681.50
1648351578.8971992,44681.50
1648351580.2125146,44681.50
1648351581.455953,44681.50
1648351582.7044125,44681.50
1648351583.9459462,44681.50
1648351585.1932514,44681.50
1648351586.4388366,44681.50
1648351587.752525,44681.50
1648351588.9972675,44681.00
1648351590.2383785,44681.00
1648351591.487675,44681.00
1648351592.7379422,44681.00
1648351593.9881513,44681.00
1648351595.2544527,44681.00
1648351596.4951584,44681.00
1648351597.7413094,44681.00
1648351599.0438757,44681.00
1648351600.3127048,44681.00
1648351601.5689464,44681.00
1648351602.8377905,44681.00
1648351604.0895126,44681.00
1648351605.3276753,44681.00
1648351606.5792398,44681.00
1648351608.3386793,44681.00
1648351609.6185527,44681.00
1648351610.8868582,44681.00
1648351612.172223,44681.00
1648351613.4478247,44681.00
1648351614.7242491,44681.00
1648351616.0047505,44681.00
1648351617.263162,44681.00
1648351618.5275073,44681.00
1648351619.804614,44681.00
1648351621.083341,44681.00
1648351622.3698194,44681.00
1648351623.6417258,44681.00
1648351624.908098,44681.00
1648351626.143899,44681.00
1648351627.418145,44681.00
1648351628.7001984,44681.00
1648351629.9742095,44681.00
1648351631.21443,44681.00
1648351632.4583526,44681.00
1648351633.7008865,44681.00
1648351634.9447045,44681.00
1648351636.2203107,44681.00
1648351637.511839,44681.00
1648351638.7801416,44681.00
1648351640.053631,44681.00
1648351641.3267224,44681.00
1648351642.5971882,44681.00
1648351643.8656297,44681.00
1648351645.1067393,44681.00
1648351646.3785036,44681.00
1648351647.656775,44681.00
1648351648.9312763,44681.00
1648351650.171912,44681.00
1648351651.4266489,44681.00
1648351652.706978,44681.00
1648351653.948816,44681.00
1648351655.228088,44681.00
1648351656.4815328,44681.00
1648351657.7298326,44681.00
1648351659.0024786,44681.00
1648351660.2550306,44681.00
1648351661.5170846,44681.00
1648351662.789491,44681.00
1648351664.0412529,44681.00
1648351665.3158767,44681.00
1648351666.5901668,44681.00
1648351667.864576,44681.00
1648351669.132484,44681.00
1648351670.3747067,44681.00
1648351671.617469,44681.00
1648351672.8622572,44681.00
1648351674.104468,44681.00
1648351675.3780007,44681.00
1648351676.6278207,44681.00
1648351677.8755162,44681.00
1648351679.1394167,44681.00
1648351680.3864274,44681.00
1648351681.6502678,44681.00
1648351682.8884747,44681.00
1648351684.1651762,44681.00
1648351685.400573,44681.00
1648351686.6754804,44681.00
1648351687.9400716,44681.00
1648351689.1754396,44681.00
1648351690.4198873,44681.00
1648351691.6893291,44681.00
1648351692.9563625,44681.00
1648351694.1929624,44681.00
1648351695.464912,44681.00
1648351696.7292204,44681.00
1648351697.9946911,44681.00
1648351699.2467687,44681.00
1648351700.4851341,44681.00
1648351701.7346966,44681.00
1648351703.0098107,44681.00
1648351704.2765868,44681.00
1648351705.5381954,44681.00
1648351706.8116007,44681.00
1648351708.0822754,44681.00
1648351709.3307126,44681.00
1648351710.5977705,44681.00
1648351711.8677402,44681.00
1648351713.1127386,44681.00
1648351714.3835928,44681.00
1648351715.6347182,44681.00
1648351716.8991592,44681.00
1648351718.141221,44681.00
1648351719.396973,44681.00
1648351720.661124,44681.00
1648351721.911895,44681.00
1648351723.1548047,44681.00
1648351724.4287548,44681.00
1648351725.664997,44681.00
1648351726.9168594,44681.00
1648351728.1575115,44681.00
1648351729.4355164,44681.00
1648351730.7061772,44681.00
1648351731.9571488,44681.00
1648351733.2107992,44681.00
1648351734.472928,44681.00
1648351735.7423346,44681.00
1648351737.003094,44681.00
1648351738.2770097,44681.00
1648351739.5452251,44681.00
1648351740.7933574,44681.00
1648351742.0333848,44681.00
1648351743.3035955,44681.00
1648351744.5684733,44681.00
1648351745.834942,44681.00
1648351747.108837,44681.00
1648351748.3815002,44681.00
1648351749.6549802,44681.00
1648351750.920042,44681.00
1648351752.1620038,44681.00
1648351753.4032955,44681.00
1648351754.6503785,44681.00
1648351755.8970873,44681.00
1648351757.193545,44681.50
1648351758.4428365,44681.50
1648351759.681024,44681.00
1648351760.9180954,44681.00
1648351762.185179,44681.00
1648351763.4208298,44681.00
1648351764.6899455,44681.00
1648351765.960887,44681.00
1648351767.2403345,44681.00
1648351768.5166926,44681.00
1648351769.7861621,44681.00
1648351771.0198298,44681.00
1648351772.2949872,44681.00
1648351773.5604465,44681.50
1648351774.8419363,44681.50
1648351776.1173217,44681.50
1648351777.3869953,44681.50
1648351778.6495667,44681.50
1648351779.8866668,44681.50
1648351781.159762,44681.50
1648351782.401547,44681.50
1648351783.6952941,44681.50
1648351784.9362762,44681.50
1648351786.2023647,44681.50
1648351787.4402635,44681.50
1648351788.6780522,44681.50
1648351789.9511054,44689.50
1648351791.1989121,44689.50
1648351792.4816723,44689.50
1648351793.7253497,44689.50
1648351794.9907885,44689.50
1648351796.2619557,44689.50
1648351797.5233867,44689.50
1648351798.7963264,44689.50
1648351800.0696034,44689.50
1648351801.3069532,44689.50
1648351802.5821254,44689.50
1648351803.8623202,44689.50
1648351805.1373036,44687.00
1648351806.4050815,44687.00
1648351807.6540742,44687.00
1648351808.9235027,44687.00
1648351810.199276,44687.00
1648351811.4752426,44687.00
1648351812.7252178,44687.00
1648351814.0094414,44689.00
1648351815.2746885,44689.00
1648351816.541565,44689.00
1648351817.8025508,44689.00
1648351819.0504093,44689.00
1648351820.3348396,44689.00
1648351821.6109838,44689.00
1648351822.8848803,44689.00
1648351824.1218042,44689.00
1648351825.392882,44689.00
1648351826.6593797,44689.00
1648351827.903344,44689.00
1648351873.0582592,44689.00
1648351874.2896957,44689.00
1648351875.5387712,44689.00
1648351876.7952914,44689.00
1648351878.0222921,44689.00
1648351879.2574127,44689.00
1648351880.4877732,44689.00
1648351934.1951256,44689.00
1648351935.4531922,44689.00
1648351936.6973922,44689.00
1648351937.9340265,44689.00
1648351939.1610885,44689.00
1648351940.4041772,44689.00
1648351941.6569834,44689.00
1648351942.887542,44689.00
1648351944.1302695,44689.00
1648351945.3845112,44689.00
1648351946.6147316,44689.00
1648351947.8448935,44689.00
1648351949.0858438,44689.00
1648351950.3145778,44689.00
1648351951.5763524,44689.00
1648351952.840742,44689.00
1648351954.0862408,44689.00
1648351955.320228,44689.00
1648351956.5532012,44689.00
1648351957.7778978,44689.00
1648351959.006049,44689.00
1648351960.2444127,44689.00
1648351961.4907894,44689.00
1648351962.727501,44689.00
1648351963.9545784,44689.00
1648351965.1985078,44689.00
1648351966.4280074,44689.00
1648351967.6676493,44689.00
1648351968.9175222,44689.00
1648351970.176624,44689.00
1648351971.415723,44689.00
1648351972.6643782,44689.00
1648351973.9224792,44689.00
1648351975.1475775,44689.00
1648351976.3962617,44689.00
1648351977.65228,44689.00
1648351978.9079463,44689.00
1648351980.1441422,44689.00
1648351981.3882098,44689.00
1648351982.61254,44689.00
1648351983.8551936,44689.00
1648351985.1046352,44689.00
1648351986.3501706,44689.00
1648351987.597986,44689.00
1648351988.8443022,44689.00
1648351990.087112,44689.00
1648352024.4783907,44689.50
1648352025.7185512,44689.50
1648352026.9588835,44689.50
1648352028.2280636,44689.50
1648352029.5072024,44689.50
1648352030.7812042,44689.50
1648352032.043621,44689.50
1648352033.3186228,44689.50
1648352034.5648417,44689.50
1648352035.842313,44689.50
1648352037.1192222,44689.50
1648352038.3559568,44689.50
1648352039.5961933,44689.50
1648352040.8608148,44689.00
1648352042.1054463,44689.00
1648352043.3800962,44689.00
1648352044.6534624,44688.50
1648352045.9218404,44688.50
1648352047.1999128,44688.50
1648352048.4715252,44688.50
1648352049.747062,44688.50
1648352051.0121365,44688.50
1648352052.273842,44688.50
1648352053.5370564,44688.50
1648352054.8047185,44688.50
1648352056.0842876,44688.50
1648352057.355402,44681.50
1648352058.5945163,44681.50
1648352059.8661733,44681.50
1648352061.1137474,44681.50
1648352062.392422,44681.50
1648352063.6401093,44681.50
1648352064.9056656,44681.50
1648352066.144144,44681.00
1648352067.4205017,44681.00
1648352068.6833117,44681.00
1648352069.9587,44681.00
1648352071.197726,44681.00
1648352072.4620526,44681.00
1648352073.730863,44681.00
1648352075.0072684,44681.00
1648352076.2854867,44681.00
1648352077.5573258,44681.00
1648352078.8278418,44681.00
1648352080.1024458,44681.00
1648352081.3399155,44681.00
1648352082.6185071,44681.00
1648352083.8990402,44681.00
1648352085.1413496,44680.50
1648352086.3829246,44680.50
1648352087.6472187,44680.50
1648352088.9236019,44678.50
1648352107.2518125,44663.50
1648352108.5251691,44663.50
1648352109.791607,44663.50
1648352111.0362506,44663.50
1648352112.312921,44663.50
1648352113.5692177,44663.50
1648352114.833204,44663.50
1648352116.0863671,44663.50
1648352117.322522,44663.50
1648352118.5924215,44663.50
1648352119.8386202,44663.50
1648352121.10352,44663.50
1648352122.3531253,44663.50
1648352123.6386032,44663.50
1648352124.905178,44663.50
1648352126.1793382,44663.50
1648352127.4896557,44663.50
1648352128.7657244,44663.50
1648352130.0220113,44663.50
1648352131.2646105,44663.50
1648352132.5406644,44663.50
1648352133.7887776,44663.50
1648352135.0341444,44663.50
1648352136.297629,44663.50
1648352137.5706782,44663.50
1648352138.834683,44663.50
1648352140.1125267,44663.50
1648352141.3904505,44663.50
1648352142.6406667,44663.50
1648352143.9113643,44663.50
1648352145.1495852,44663.50
1648352146.422839,44665.00
1648352147.6979475,44665.00
1648352148.9701107,44665.00
1648352150.2433064,44665.00
1648352151.511587,44665.00
1648352152.7817564,44665.00
1648352154.0570295,44665.00
1648352155.2963624,44665.00
1648352156.5633445,44665.00
1648352157.8389318,44665.00
1648352159.1099224,44665.00
1648352160.3489027,44665.00
1648352161.584675,44665.00
1648352162.8317864,44665.00
1648352164.1081455,44665.00
1648352165.348522,44665.00
1648352166.5865881,44665.00
1648352167.8560507,44665.00
1648352169.1179793,44665.00
1648352170.3864973,44665.00
1648352171.6632218,44665.00
1648352172.9343088,44665.00
1648352174.2182174,44665.00
1648352175.4916837,44665.00
1648352176.7703872,44665.00
1648352178.0386124,44665.00
1648352179.27899,44665.00
1648352180.5534203,44665.00
1648352181.8267827,44665.00
1648352183.0726092,44665.00
1648352184.3074317,44665.00
1648352185.5948057,44665.00
1648352186.8673804,44665.00
1648352188.1413136,44665.00
1648352189.3846853,44665.00
1648352190.6314352,44665.00
1648352191.8778281,44665.00
1648352193.1161156,44665.00
1648352194.3687003,44665.00
1648352195.629773,44665.00
1648352196.8754637,44665.00
1648352198.12197,44665.00
1648352199.3655841,44665.00
1648352200.6034873,44665.00
1648352201.8462749,44665.00
1648352203.109272,44665.00
1648352367.8766859,44665.50
1648352369.109078,44665.50
1648352370.335555,44665.50
1648352371.5766904,44665.50
1648352372.813959,44665.50
1648352374.0531304,44665.50
1648352375.2854347,44665.50
1648352376.5178487,44665.50
1648352377.7429879,44665.50
1648352378.9858358,44665.50
1648352380.2107441,44665.50
1648352381.4433088,44665.50
1648352382.676995,44665.50
1648352383.903202,44665.50
1648352385.1351209,44665.50
1648352386.3686414,44665.50
1648352387.6067348,44665.50
1648352388.8342428,44665.50
1648352390.0584068,44665.50
1648352391.287299,44665.50
1648352392.524149,44665.50
1648352393.7477727,44665.50
1648352394.9771168,44665.50
1648352396.2046816,44665.50
1648352397.446826,44665.50
1648352398.7122304,44665.50
1648352399.9754112,44665.50
1648352401.2119422,44665.50
1648352402.4457805,44665.50
1648352403.6831477,44671.00
1648352404.9201984,44671.00
1648352406.1500385,44671.50
1648352407.3845818,44674.00
1648352408.618795,44674.50
1648352409.8537335,44676.00
1648352411.085712,44674.50
1648352412.3137894,44674.50
1648352413.5383992,44674.50
1648352414.7768066,44674.50
1648352416.013552,44674.50
1648352417.2467864,44674.50
1648352418.4750478,44674.50
1648352419.7248113,44674.50
1648352420.975013,44674.50
1648352422.6748142,44674.50
1648352441.8471198,44674.50
1648352443.1112418,44674.50
1648352444.3400798,44674.50
1648352445.5686471,44674.50
1648352446.8094828,44674.50
1648352448.0486188,44674.50
1648352449.3132453,44674.50
1648352450.566573,44674.50
1648352451.825216,44674.50
1648352453.0860338,44674.50
1648352454.333913,44674.50
1648352455.59654,44674.50
1648352456.858006,44674.50
1648352458.1101742,44674.50
1648352459.352196,44674.50
1648352460.6028707,44674.50
1648352461.858752,44674.50
1648352463.1138134,44674.50
1648352464.3512795,44674.50
1648352465.5833755,44674.50
1648352466.8386729,44674.50
1648352468.0812716,44674.50
1648352469.3296669,44674.50
1648352470.597412,44674.50
1648352471.8529503,44674.50
1648352473.1087909,44674.50
1648352474.3390675,44674.50
1648352475.594583,44674.50
1648352476.8505344,44674.50
1648352478.1143286,44674.50
1648352479.3375607,44674.50
1648352480.5894094,44674.50
1648352481.8183162,44674.50
1648352483.0501595,44674.50
1648352484.304754,44674.50
1648352485.546022,44674.50
1648352486.774205,44674.50
1648352488.0293975,44674.50
1648352489.282502,44674.50
1648352490.521101,44674.00
1648352491.7687314,44674.00
1648352493.0148528,44674.00
1648352494.2692006,44674.00
1648352495.50195,44674.00
1648352496.7493026,44674.00
1648352498.0005436,44674.00
1648352499.2436988,44674.00
1648352500.4837646,44674.00
1648352501.735289,44674.00
1648352503.0378997,44674.00
1648352504.2835402,44674.00
1648352505.5362687,44674.00
1648352506.786654,44674.00
1648352508.014707,44674.00
1648352509.2488105,44674.00
1648352532.8972633,44674.00
1648352633.6157591,44670.50
1648352668.5837548,44670.50
1648352669.8297043,44670.50
1648352671.055546,44670.50
1648353271.3117805,44665.50
1648353275.8710263,44665.50
1648353277.1130548,44665.50
1648353278.3475575,44665.50
1648353279.5818584,44665.50
1648353280.8145611,44665.50
1648353282.0372999,44665.50
1648353283.2600942,44665.50
1648353284.4862638,44665.50
1648353285.7215004,44665.50
1648353286.9444013,44665.50
1648353288.170601,44665.50
1648353289.4040728,44665.50
1648353290.6333392,44665.50
1648353291.859423,44665.50
1648353293.0912995,44665.50
1648353294.3270824,44665.50
1648353295.5578003,44665.50
1648353296.7909627,44665.50
1648353298.0156798,44665.50
1648353299.2516277,44665.50
1648353300.4868522,44665.50
1648353301.7260346,44665.50
1648353302.9487963,44665.50
1648353323.038187,44673.50
1648353324.2809606,44673.50
1648353325.5118113,44673.50
1648353326.7517471,44673.50
1648353327.98664,44673.50
1648353329.2124393,44673.50
1648353330.4477882,44673.50
1648353331.6770425,44673.50
1648353332.9023197,44673.50
1648353334.1378868,44673.50
1648353335.3716068,44673.50
1648353336.606854,44673.50
1648353337.8359385,44673.50
1648353339.0721047,44673.50
1648353340.308396,44673.50
1648353342.0131288,44673.50
1648353343.2657232,44673.50
1648353344.5132773,44673.50
1648353345.7650657,44673.50
1648353347.018858,44673.50
1648353348.2649581,44673.50
1648353349.510266,44673.50
1648353350.7622254,44673.50
1648353352.0074337,44673.50
1648353353.251935,44673.50
1648353354.4968483,44673.50
1648353355.752221,44673.50
1648353356.995449,44673.50
1648353358.254037,44673.50
1648353359.5072212,44673.50
1648353360.7665823,44673.50
1648353362.0993516,44673.50
1648353363.3550167,44673.50
1648353364.6012187,44673.50
1648353365.8486416,44673.50
1648353367.095776,44673.50
1648353368.3530977,44673.50
1648353369.613422,44673.50
